1 6 [0] 3 0.00
1 3 [1] 0 0.00
1 8 [3] 0 0.01
1 3 [1] 0 0.01
1 8 [3] 0 0.01
1 9 [1] 0 0.01
1 8 [3] 0 0.02
1 8 [3] 0 0.02
1 5 [2] 0 0.02
1 4 [1] 0 0.02
1 9 [1] 0 0.03
1 8 [3] 0 0.03
1 5 [2] 0 0.03
1 4 [1] 0 0.03
1 9 [1] 0 0.04
1 4 [1] 0 0.04
1 5 [2] 0 0.04
1 7 [3] 0 0.04
1 7 [3] 0 0.04
1 3 [1] 0 0.05
1 7 [3] 0 0.05
1 4 [1] 0 0.05
1 9 [1] 0 0.05
1 8 [3] 0 0.05
1 0 [2] 0 0.06
1 9 [1] 0 0.06
1 9 [1] 0 0.06
1 3 [1] 0 0.06
1 3 [1] 0 0.07
1 9 [1] 0 0.07
1 9 [1] 0 0.07
1 4 [1] 0 0.07
1 3 [1] 0 0.07
1 8 [3] 0 0.07
1 9 [1] 0 0.08
1 9 [1] 0 0.08
1 9 [1] 0 0.08
1 9 [1] 0 0.08
1 9 [1] 0 0.08
1 9 [1] 0 0.08
1 3 [1] 0 0.08
1 3 [1] 0 0.08
1 9 [1] 0 0.08
1 9 [1] 0 0.09
1 9 [1] 0 0.09
1 9 [1] 0 0.09
1 9 [1] 0 0.09
1 8 [3] 0 0.09
1 6 [0] 3 0.07
1 9 [1] 1 0.02
2 6 [0] 3 0.00
2 6 [0] 3 0.00
2 5 [2] 1 0.00
2 2 [0] 1 0.00
2 5 [2] 1 0.00
2 5 [2] 1 0.00
2 8 [3] 1 0.00
2 8 [3] 1 0.01
2 2 [0] 1 0.01
2 2 [0] 1 0.01
2 6 [0] 1 0.01
2 8 [3] 1 0.01
2 6 [0] 1 0.01
2 2 [0] 1 0.01
2 8 [3] 1 0.01
2 8 [3] 1 0.01
2 5 [2] 1 0.01
2 8 [3] 1 0.01
2 2 [0] 1 0.01
2 2 [0] 1 0.01
2 0 [2] 1 0.01
2 2 [0] 1 0.01
2 5 [2] 1 0.02
2 2 [0] 1 0.02
2 8 [3] 1 0.02
2 2 [0] 1 0.02
2 7 [3] 1 0.02
2 8 [3] 2 0.02
2 8 [3] 2 0.02
2 8 [3] 2 0.02
2 8 [3] 2 0.02
2 1 [0] 2 0.02
2 8 [3] 2 0.02
2 2 [0] 1 0.02
2 8 [3] 2 0.02
2 8 [3] 2 0.02
2 2 [0] 1 0.02
2 2 [0] 1 0.02
2 2 [0] 1 0.03
2 2 [0] 1 0.03
2 2 [0] 1 0.03
2 2 [0] 1 0.02
2 2 [0] 1 0.03
2 2 [0] 1 0.03
2 2 [0] 1 0.03
2 2 [0] 1 0.03
2 2 [0] 1 0.03
2 2 [0] 1 0.03
2 2 [0] 1 0.03
2 2 [0] 1 0.03
2 2 [0] 1 0.03
2 2 [0] 1 0.03
2 2 [0] 1 0.03
2 2 [0] 1 0.03
2 2 [0] 1 0.03
2 2 [0] 1 0.03
2 2 [0] 1 0.03
2 2 [0] 1 0.03
2 2 [0] 1 0.03
2 2 [0] 1 0.03
2 2 [0] 1 0.03
2 0 [2] 2 0.03
3 1 [0] 1 0.00
3 1 [0] 1 0.01
3 1 [0] 1 0.01
3 2 [0] 1 0.01
3 9 [1] 0 0.01
3 9 [1] 0 0.02
3 8 [3] 0 0.02
3 3 [1] 0 0.02
3 9 [1] 0 0.02
3 8 [3] 0 0.03
3 3 [1] 0 0.03
3 3 [1] 0 0.03
3 9 [1] 0 0.03
3 8 [3] 0 0.03
3 9 [1] 0 0.04
3 3 [1] 0 0.04
3 8 [3] 0 0.04
3 9 [1] 0 0.04
3 8 [3] 0 0.05
3 9 [1] 0 0.05
3 4 [1] 0 0.05
3 7 [3] 0 0.05
3 7 [3] 0 0.06
3 3 [1] 0 0.06
3 3 [1] 0 0.06
3 8 [3] 0 0.06
3 1 [0] 0 0.01
4 9 [1] 1 0.00
5 6 [0] 3 0.00
5 2 [0] 0 0.00
6 9 [1] 0 0.00
6 9 [1] 0 0.01
6 9 [1] 0 0.01
6 9 [1] 0 0.01
6 3 [1] 0 0.01
6 3 [1] 0 0.02
6 8 [3] 0 0.02
6 9 [1] 0 0.02
6 4 [1] 0 0.02
6 6 [0] 3 0.01
6 6 [0] 3 0.02
6 6 [0] 3 0.02
6 6 [0] 1 0.01
6 0 [2] 1 0.01
6 0 [2] 1 0.01
6 6 [0] 1 0.01
6 5 [2] 1 0.01
6 8 [3] 1 0.02
6 5 [2] 1 0.02
6 2 [0] 1 0.02
6 5 [2] 1 0.02
6 8 [3] 1 0.02
6 7 [3] 1 0.02
6 1 [0] 1 0.02
6 0 [2] 1 0.02
6 7 [3] 1 0.02
6 8 [3] 1 0.02
6 8 [3] 1 0.02
6 2 [0] 1 0.03
6 1 [0] 1 0.03
6 1 [0] 1 0.03
6 7 [3] 1 0.03
6 1 [0] 1 0.03
6 0 [2] 1 0.03
6 8 [3] 1 0.03
6 7 [3] 1 0.03
6 1 [0] 1 0.03
6 8 [3] 1 0.03
6 2 [0] 1 0.03
6 8 [3] 1 0.03
6 5 [2] 1 0.03
6 1 [0] 1 0.04
6 8 [3] 1 0.04
6 5 [2] 1 0.04
6 6 [0] 1 0.04
6 6 [0] 1 0.04
6 1 [0] 1 0.04
6 7 [3] 1 0.04
6 5 [2] 1 0.04
6 1 [0] 1 0.04
6 1 [0] 1 0.04
6 2 [0] 1 0.04
6 7 [3] 1 0.04
6 2 [0] 1 0.05
6 6 [0] 1 0.05
6 5 [2] 1 0.05
6 1 [0] 1 0.05
6 1 [0] 1 0.05
6 2 [0] 1 0.05
6 5 [2] 1 0.05
6 7 [3] 1 0.05
6 6 [0] 1 0.05
6 6 [0] 1 0.05
6 7 [3] 1 0.05
6 8 [3] 1 0.05
6 8 [3] 1 0.05
6 8 [3] 1 0.06
6 7 [3] 1 0.06
6 8 [3] 1 0.06
6 0 [2] 1 0.06
6 8 [3] 1 0.06
6 0 [2] 1 0.06
6 8 [3] 1 0.06
6 0 [2] 1 0.06
6 5 [2] 1 0.06
6 0 [2] 1 0.06
6 5 [2] 1 0.06
6 8 [3] 1 0.06
6 8 [3] 1 0.06
6 5 [2] 1 0.07
6 8 [3] 1 0.07
6 5 [2] 1 0.07
6 7 [3] 1 0.07
6 2 [0] 1 0.07
6 5 [2] 1 0.07
6 8 [3] 1 0.07
6 6 [0] 1 0.07
6 2 [0] 1 0.07
6 5 [2] 1 0.07
6 2 [0] 1 0.07
6 1 [0] 1 0.07
6 0 [2] 1 0.07
6 1 [0] 1 0.07
6 6 [0] 1 0.08
6 1 [0] 1 0.08
6 0 [2] 1 0.08
6 7 [3] 1 0.08
6 5 [2] 1 0.08
6 5 [2] 1 0.08
6 6 [0] 1 0.08
6 7 [3] 1 0.08
6 6 [0] 1 0.08
6 1 [0] 1 0.08
6 5 [2] 1 0.08
6 6 [0] 1 0.08
6 8 [3] 1 0.08
6 5 [2] 1 0.08
6 2 [0] 1 0.09
6 2 [0] 1 0.09
6 2 [0] 1 0.09
6 5 [2] 1 0.09
6 2 [0] 1 0.09
6 2 [0] 1 0.09
6 2 [0] 1 0.09
6 2 [0] 1 0.09
6 2 [0] 1 0.09
6 2 [0] 1 0.09
6 8 [3] 1 0.09
6 5 [2] 1 0.09
6 5 [2] 1 0.09
6 2 [0] 1 0.09
6 8 [3] 1 0.09
6 5 [2] 1 0.09
6 8 [3] 1 0.09
6 5 [2] 1 0.09
6 5 [2] 1 0.10
6 2 [0] 1 0.10
6 6 [0] 1 0.10
6 8 [3] 1 0.10
6 0 [2] 1 0.10
6 6 [0] 1 0.10
6 2 [0] 1 0.10
6 5 [2] 1 0.10
6 8 [3] 1 0.10
6 0 [2] 1 0.10
6 8 [3] 1 0.10
6 2 [0] 1 0.10
6 0 [2] 1 0.10
6 0 [2] 1 0.10
6 0 [2] 1 0.10
6 8 [3] 1 0.10
6 2 [0] 1 0.10
6 8 [3] 1 0.10
6 0 [2] 1 0.10
6 8 [3] 1 0.11
6 0 [2] 1 0.11
6 8 [3] 1 0.11
6 0 [2] 1 0.11
6 2 [0] 1 0.11
6 0 [2] 1 0.11
6 8 [3] 1 0.11
6 5 [2] 1 0.11
6 5 [2] 1 0.11
6 5 [2] 1 0.11
6 2 [0] 1 0.11
6 2 [0] 1 0.11
6 8 [3] 1 0.11
6 2 [0] 1 0.11
6 2 [0] 1 0.11
6 8 [3] 1 0.11
6 5 [2] 1 0.11
6 8 [3] 1 0.11
6 2 [0] 1 0.12
6 8 [3] 1 0.12
6 1 [0] 1 0.12
6 1 [0] 1 0.12
6 1 [0] 1 0.12
6 2 [0] 1 0.12
6 8 [3] 1 0.12
6 2 [0] 1 0.12
6 8 [3] 1 0.12
6 8 [3] 1 0.12
6 8 [3] 1 0.12
6 0 [2] 1 0.12
6 8 [3] 1 0.12
6 8 [3] 1 0.12
6 8 [3] 1 0.12
6 5 [2] 1 0.12
6 0 [2] 1 0.12
6 0 [2] 1 0.12
6 8 [3] 1 0.12
6 0 [2] 1 0.12
6 5 [2] 1 0.12
6 0 [2] 1 0.12
6 5 [2] 1 0.12
6 8 [3] 1 0.12
6 2 [0] 1 0.13
6 5 [2] 1 0.13
6 8 [3] 1 0.13
6 0 [2] 1 0.13
6 5 [2] 1 0.13
6 8 [3] 1 0.13
6 5 [2] 1 0.13
6 5 [2] 1 0.13
6 5 [2] 1 0.13
6 8 [3] 1 0.13
6 2 [0] 1 0.13
6 8 [3] 1 0.13
6 8 [3] 1 0.13
6 2 [0] 1 0.13
6 2 [0] 1 0.13
6 2 [0] 1 0.13
6 2 [0] 1 0.13
6 5 [2] 1 0.12
6 5 [2] 1 0.12
6 5 [2] 1 0.12
6 2 [0] 1 0.12
6 5 [2] 1 0.12
6 5 [2] 1 0.12
6 5 [2] 1 0.12
6 5 [2] 1 0.12
6 5 [2] 1 0.12
6 2 [0] 1 0.12
6 2 [0] 1 0.12
6 5 [2] 1 0.13
6 2 [0] 1 0.13
6 5 [2] 1 0.13
6 5 [2] 1 0.13
6 2 [0] 1 0.13
6 2 [0] 1 0.13
6 2 [0] 1 0.13
6 2 [0] 1 0.13
6 2 [0] 1 0.13
6 2 [0] 1 0.13
6 2 [0] 1 0.12
6 2 [0] 1 0.12
6 2 [0] 1 0.12
6 2 [0] 1 0.12
6 2 [0] 1 0.12
6 2 [0] 1 0.12
6 2 [0] 1 0.12
6 2 [0] 1 0.12
6 2 [0] 1 0.12
6 5 [2] 1 0.12
6 9 [1] 1 0.12
7 5 [2] 1 0.08
7 5 [2] 1 0.10
7 2 [0] 1 0.02
7 2 [0] 1 0.03
7 2 [0] 1 0.03
7 2 [0] 1 0.04
7 2 [0] 1 0.04
7 2 [0] 1 0.04
7 2 [0] 1 0.05
7 8 [3] 0 0.03
7 8 [3] 0 0.03
7 8 [3] 0 0.03
7 8 [3] 0 0.03
7 7 [3] 0 0.04
7 4 [1] 0 0.04
7 0 [2] 0 0.04
7 4 [1] 0 0.04
7 8 [3] 0 0.05
7 7 [3] 0 0.05
7 0 [2] 0 0.05
7 3 [1] 0 0.05
7 3 [1] 0 0.06
7 7 [3] 0 0.06
7 5 [2] 0 0.06
7 3 [1] 0 0.06
7 3 [1] 0 0.07
7 4 [1] 0 0.07
7 4 [1] 0 0.07
7 7 [3] 0 0.07
7 4 [1] 0 0.07
7 7 [3] 0 0.08
7 7 [3] 0 0.08
7 7 [3] 0 0.08
7 8 [3] 0 0.08
7 0 [2] 0 0.08
7 5 [2] 0 0.09
7 0 [2] 0 0.09
7 4 [1] 0 0.09
7 9 [1] 0 0.09
7 7 [3] 0 0.10
7 0 [2] 0 0.10
7 8 [3] 0 0.10
7 8 [3] 0 0.10
7 3 [1] 0 0.10
7 3 [1] 0 0.10
7 8 [3] 0 0.10
7 0 [2] 1 0.09
7 5 [2] 1 0.09
7 0 [2] 1 0.09
7 0 [2] 1 0.09
7 5 [2] 1 0.09
7 8 [3] 2 0.10
7 8 [3] 2 0.10
7 4 [1] 2 0.10
7 3 [1] 2 0.10
7 3 [1] 2 0.10
7 9 [1] 2 0.10
7 4 [1] 2 0.11
7 9 [1] 2 0.11
7 1 [0] 2 0.11
7 2 [0] 2 0.11
7 3 [1] 2 0.11
7 7 [3] 2 0.11
7 2 [0] 2 0.11
7 8 [3] 2 0.12
7 9 [1] 2 0.12
7 8 [3] 2 0.12
7 9 [1] 2 0.12
7 9 [1] 2 0.12
7 3 [1] 2 0.12
7 3 [1] 2 0.12
7 8 [3] 2 0.12
7 1 [0] 2 0.12
7 3 [1] 2 0.13
7 9 [1] 2 0.13
7 8 [3] 2 0.13
7 1 [0] 2 0.13
7 3 [1] 2 0.13
7 1 [0] 2 0.13
7 6 [0] 2 0.13
7 1 [0] 2 0.14
7 7 [3] 2 0.14
7 9 [1] 2 0.14
7 8 [3] 2 0.14
7 8 [3] 2 0.14
7 8 [3] 2 0.14
7 8 [3] 2 0.14
7 9 [1] 2 0.15
7 9 [1] 2 0.15
7 8 [3] 2 0.15
7 9 [1] 2 0.15
7 8 [3] 2 0.15
7 9 [1] 2 0.15
7 8 [3] 2 0.15
7 9 [1] 2 0.15
7 8 [3] 2 0.15
7 8 [3] 2 0.15
7 9 [1] 2 0.15
7 9 [1] 2 0.16
7 9 [1] 2 0.15
7 9 [1] 2 0.16
7 9 [1] 2 0.16
7 9 [1] 2 0.15
7 9 [1] 2 0.15
7 9 [1] 2 0.14
7 9 [1] 2 0.14
7 9 [1] 2 0.14
7 9 [1] 2 0.14
7 9 [1] 2 0.13
7 9 [1] 2 0.13
7 9 [1] 2 0.13
7 9 [1] 2 0.13
7 9 [1] 2 0.13
7 9 [1] 2 0.13
7 9 [1] 2 0.13
7 9 [1] 2 0.13
7 9 [1] 2 0.13
7 9 [1] 2 0.13
7 9 [1] 2 0.13
7 9 [1] 2 0.13
7 9 [1] 2 0.13
7 9 [1] 2 0.13
7 9 [1] 2 0.13
7 9 [1] 2 0.13
7 9 [1] 2 0.13
7 9 [1] 2 0.13
7 9 [1] 2 0.12
7 9 [1] 2 0.12
7 9 [1] 2 0.12
7 9 [1] 2 0.12
7 9 [1] 2 0.12
7 9 [1] 2 0.12
7 9 [1] 2 0.12
7 9 [1] 2 0.12
7 9 [1] 2 0.12
7 9 [1] 2 0.11
7 9 [1] 2 0.11
7 9 [1] 2 0.11
7 2 [0] 1 0.10
7 2 [0] 1 0.10
7 2 [0] 1 0.10
7 2 [0] 1 0.10
7 2 [0] 1 0.10
7 4 [1] 1 0.07
8 1 [0] 0 0.00
9 6 [0] 0 0.00
10 8 [3] 0 0.00
10 8 [3] 0 0.00
10 8 [3] 0 0.01
10 8 [3] 0 0.01
10 8 [3] 0 0.01
10 3 [1] 0 0.01
10 3 [1] 0 0.02
10 3 [1] 0 0.02
10 8 [3] 0 0.02
10 2 [0] 1 0.01
10 2 [0] 1 0.01
10 8 [3] 3 0.01
1 3 [1] 1 0.00
2 9 [1] 2 0.09
2 0 [2] 2 0.00
3 9 [1] 1 0.00
1 6 [0] 3 0.00
1 6 [0] 3 0.01
1 3 [1] 1 0.00
2 0 [2] 2 0.00
3 9 [1] 1 0.00
4 7 [3] 3 0.00
5 4 [1] 1 0.00
6 1 [0] 0 0.00
7 2 [0] 0 0.00
8 6 [0] 0 0.00
9 2 [0] 0 0.00
10 5 [2] 2 0.00
11 8 [3] 3 0.00
12 0 [2] 2 0.00
13 6 [0] 0 0.00
14 1 [0] 0 0.00
15 3 [1] 1 0.00
16 8 [3] 3 0.00
17 9 [1] 1 0.00
18 7 [3] 3 0.00
19 2 [0] 0 0.00
20 8 [3] 3 0.00
21 3 [1] 1 0.00
22 3 [1] 1 0.00
23 2 [0] 0 0.00
24 4 [1] 1 0.00
25 1 [0] 0 0.00
26 2 [0] 0 0.00
27 4 [1] 1 0.00
28 2 [0] 0 0.00
29 7 [3] 3 0.00
30 1 [0] 0 0.00
31 0 [2] 2 0.00
32 7 [3] 3 0.00
33 8 [3] 3 0.00
34 5 [2] 2 0.00
35 3 [1] 1 0.00
36 4 [1] 1 0.00
37 8 [3] 3 0.00
38 9 [1] 1 0.00
39 3 [1] 1 0.00
40 7 [3] 3 0.00
41 3 [1] 1 0.00
42 2 [0] 0 0.00
43 4 [1] 1 0.00
44 2 [0] 0 0.00
45 8 [3] 3 0.00
46 4 [1] 1 0.00
47 7 [3] 3 0.00
48 9 [1] 1 0.00
49 5 [2] 2 0.00
50 0 [2] 2 0.00
51 3 [1] 1 0.00
52 9 [1] 1 0.00
53 7 [3] 3 0.00
54 4 [1] 1 0.00
55 4 [1] 1 0.00
56 8 [3] 3 0.00
57 5 [2] 2 0.00
58 2 [0] 0 0.00
59 9 [1] 1 0.00
60 0 [2] 2 0.00
61 1 [0] 0 0.00
62 2 [0] 0 0.00
63 8 [3] 3 0.00
64 4 [1] 1 0.00
65 7 [3] 3 0.00
66 4 [1] 1 0.00
67 2 [0] 0 0.00
68 5 [2] 2 0.00
69 5 [2] 2 0.00
70 3 [1] 1 0.00
71 7 [3] 3 0.00
72 6 [0] 0 0.00
73 9 [1] 1 0.00
74 2 [0] 0 0.00
75 4 [1] 1 0.00
76 9 [1] 1 0.00
77 6 [0] 0 0.00
78 9 [1] 1 0.00
79 1 [0] 0 0.00
80 9 [1] 1 0.00
81 8 [3] 3 0.00
82 1 [0] 0 0.00
83 3 [1] 1 0.00
84 3 [1] 1 0.00
85 5 [2] 2 0.00
86 2 [0] 0 0.00
87 2 [0] 0 0.00
88 5 [2] 2 0.00
89 0 [2] 2 0.00
90 7 [3] 3 0.00
91 6 [0] 0 0.00
92 6 [0] 0 0.00
93 2 [0] 0 0.00
94 2 [0] 0 0.00
95 2 [0] 0 0.00
96 0 [2] 2 0.00
97 9 [1] 1 0.00
98 3 [1] 1 0.00
99 2 [0] 0 0.00
100 6 [0] 0 0.00
