1 2 [3] 1 0.00
1 9 [0] 3 0.00
1 6 [2] 3 0.00
1 6 [2] 3 0.00
1 6 [2] 3 0.00
1 7 [0, 3] 0 0.00
2 2 [3] 1 0.00
2 1 [1] 0 0.00
2 1 [1] 0 0.00
2 1 [1] 0 0.00
2 1 [1] 0 0.00
2 1 [1] 0 0.00
2 6 [2] 3 0.00
2 9 [0] 3 0.00
2 1 [1] 3 0.00
2 9 [0] 3 0.00
2 9 [0] 3 0.00
2 9 [0] 3 0.00
2 6 [2] 3 0.00
2 1 [1] 3 0.00
2 4 [1, 2] 3 0.00
2 6 [2] 3 0.00
2 4 [1, 2] 0 0.00
2 6 [2] 3 0.00
2 8 [0, 1] 3 0.00
2 8 [0, 1] 3 0.00
2 6 [2] 3 0.00
2 9 [0] 3 0.00
2 4 [1, 2] 3 0.00
2 6 [2] 3 0.00
2 1 [1] 3 0.00
2 6 [2] 3 0.00
2 8 [0, 1] 3 0.00
2 8 [0, 1] 3 0.00
2 9 [0] 3 0.00
2 1 [1] 3 0.00
2 1 [1] 3 0.00
2 9 [0] 3 0.00
2 6 [2] 3 0.00
2 9 [0] 3 0.00
2 9 [0] 3 0.00
2 9 [0] 3 0.00
2 8 [0, 1] 3 0.00
2 6 [2] 3 0.00
2 9 [0] 3 0.00
2 4 [1, 2] 3 0.00
2 8 [0, 1] 3 0.00
2 4 [1, 2] 3 0.00
2 1 [1] 3 0.00
2 9 [0] 3 0.00
2 8 [0, 1] 3 0.00
2 4 [1, 2] 3 0.00
2 1 [1] 3 0.00
2 4 [1, 2] 3 0.00
2 4 [1, 2] 3 0.00
2 6 [2] 3 0.01
2 4 [1, 2] 3 0.01
2 8 [0, 1] 3 0.01
2 8 [0, 1] 3 0.01
2 6 [2] 3 0.01
2 4 [1, 2] 3 0.01
2 6 [2] 3 0.01
2 1 [1] 3 0.01
2 6 [2] 3 0.01
2 1 [1] 3 0.01
2 9 [0] 3 0.01
2 9 [0] 3 0.01
2 4 [1, 2] 3 0.01
2 9 [0] 3 0.01
2 8 [0, 1] 3 0.01
2 9 [0] 3 0.01
2 4 [1, 2] 3 0.01
2 8 [0, 1] 3 0.01
2 6 [2] 3 0.01
2 1 [1] 3 0.01
2 9 [0] 3 0.01
2 1 [1] 3 0.01
2 8 [0, 1] 3 0.01
2 9 [0] 3 0.01
2 8 [0, 1] 3 0.01
2 8 [0, 1] 3 0.01
2 6 [2] 3 0.01
2 8 [0, 1] 3 0.01
2 1 [1] 3 0.01
2 4 [1, 2] 3 0.01
2 6 [2] 3 0.01
2 8 [0, 1] 3 0.01
2 1 [1] 3 0.01
2 6 [2] 3 0.01
2 8 [0, 1] 3 0.01
2 6 [2] 3 0.01
2 6 [2] 3 0.01
2 1 [1] 3 0.01
2 4 [1, 2] 3 0.01
2 8 [0, 1] 3 0.01
2 8 [0, 1] 3 0.01
2 9 [0] 3 0.01
2 1 [1] 3 0.01
2 9 [0] 3 0.01
2 1 [1] 3 0.01
2 4 [1, 2] 3 0.01
2 1 [1] 3 0.01
2 7 [0, 3] 3 0.01
3 6 [2] 3 0.33
3 6 [2] 3 0.50
3 6 [2] 3 0.04
3 6 [2] 3 0.04
3 6 [2] 3 0.05
3 6 [2] 3 0.06
3 6 [2] 3 0.06
3 6 [2] 3 0.06
3 6 [2] 3 0.06
3 6 [2] 3 0.06
3 6 [2] 3 0.07
3 6 [2] 3 0.07
3 6 [2] 3 0.08
3 6 [2] 3 0.08
3 6 [2] 3 0.08
3 6 [2] 3 0.08
3 6 [2] 3 0.08
3 6 [2] 3 0.08
3 3 [2, 3] 0 0.08
3 3 [2, 3] 0 0.09
3 6 [2] 3 0.08
3 6 [2] 3 0.08
3 6 [2] 3 0.08
3 6 [2] 3 0.07
3 6 [2] 3 0.07
3 6 [2] 3 0.07
3 6 [2] 3 0.07
3 6 [2] 3 0.08
3 6 [2] 3 0.08
3 6 [2] 3 0.07
3 3 [2, 3] 0 0.01
3 3 [2, 3] 0 0.01
3 6 [2] 1 0.01
3 6 [2] 3 0.01
3 6 [2] 3 0.01
3 6 [2] 3 0.01
3 2 [3] 1 0.01
3 6 [2] 1 0.01
3 6 [2] 3 0.01
3 6 [2] 3 0.01
3 6 [2] 3 0.01
3 3 [2, 3] 0 0.01
3 3 [2, 3] 0 0.01
3 3 [2, 3] 0 0.01
3 3 [2, 3] 0 0.01
3 6 [2] 3 0.01
3 2 [3] 1 0.00
3 2 [3] 1 0.00
3 2 [3] 1 0.01
3 2 [3] 1 0.01
3 2 [3] 1 0.01
3 6 [2] 3 0.01
3 6 [2] 3 0.01
3 6 [2] 3 0.01
3 6 [2] 3 0.01
3 6 [2] 3 0.01
3 6 [2] 3 0.01
3 6 [2] 3 0.01
3 6 [2] 3 0.01
3 6 [2] 3 0.01
3 2 [3] 1 0.01
3 2 [3] 1 0.01
3 2 [3] 1 0.01
3 6 [2] 3 0.01
3 6 [2] 3 0.01
3 2 [3] 1 0.01
3 2 [3] 1 0.01
3 2 [3] 1 0.01
3 2 [3] 1 0.01
3 2 [3] 1 0.01
3 6 [2] 3 0.01
3 6 [2] 3 0.01
3 2 [3] 1 0.01
3 6 [2] 3 0.01
3 2 [3] 1 0.01
3 2 [3] 1 0.01
3 6 [2] 3 0.01
3 6 [2] 3 0.01
3 6 [2] 3 0.01
3 6 [2] 3 0.01
3 6 [2] 3 0.01
3 2 [3] 1 0.01
3 2 [3] 1 0.01
3 6 [2] 3 0.01
3 2 [3] 1 0.01
3 2 [3] 1 0.01
3 2 [3] 1 0.01
3 2 [3] 1 0.01
3 6 [2] 3 0.01
3 2 [3] 1 0.01
3 2 [3] 1 0.01
3 2 [3] 1 0.01
3 2 [3] 1 0.01
3 6 [2] 3 0.01
3 6 [2] 3 0.01
3 6 [2] 3 0.01
3 6 [2] 3 0.01
3 2 [3] 1 0.01
3 6 [2] 3 0.01
3 2 [3] 1 0.01
3 2 [3] 1 0.01
3 2 [3] 1 0.01
3 0 [0, 1, 3] 0 0.01
4 2 [3] 1 0.50
4 2 [3] 1 0.18
4 6 [2] 3 0.23
4 2 [3] 1 0.29
4 2 [3] 1 0.28
4 6 [2] 3 0.32
4 6 [2] 3 0.35
4 6 [2] 3 0.35
4 6 [2] 3 0.35
4 6 [2] 3 0.34
4 2 [3] 1 0.00
4 2 [3] 1 0.00
4 2 [3] 1 0.00
4 2 [3] 1 0.00
4 2 [3] 1 0.00
4 2 [3] 1 0.00
4 2 [3] 1 0.00
4 2 [3] 1 0.00
4 3 [2, 3] 0 0.00
4 6 [2] 3 0.00
4 6 [2] 3 0.00
4 5 [0, 2, 3] 2 0.00
5 3 [2, 3] 0 0.00
5 3 [2, 3] 0 0.00
5 3 [2, 3] 0 0.00
5 3 [2, 3] 0 0.00
5 2 [3] 2 0.00
5 2 [3] 2 0.00
5 2 [3] 2 0.00
5 2 [3] 2 0.00
5 2 [3] 2 0.00
5 2 [3] 2 0.00
5 2 [3] 2 0.00
5 2 [3] 2 0.00
5 2 [3] 2 0.01
5 2 [3] 2 0.01
5 6 [2] 3 0.00
5 6 [2] 3 0.00
5 2 [3] 1 0.00
5 2 [3] 1 0.00
5 2 [3] 1 0.00
5 2 [3] 1 0.00
5 2 [3] 1 0.00
5 2 [3] 1 0.00
5 2 [3] 1 0.00
5 2 [3] 1 0.00
5 2 [3] 1 0.00
5 2 [3] 1 0.00
5 2 [3] 1 0.00
5 2 [3] 1 0.00
5 2 [3] 1 0.00
5 2 [3] 1 0.00
5 2 [3] 1 0.00
5 2 [3] 1 0.00
5 2 [3] 1 0.00
5 2 [3] 1 0.00
5 2 [3] 1 0.00
5 2 [3] 1 0.00
5 2 [3] 1 0.00
5 2 [3] 1 0.00
5 2 [3] 1 0.00
5 2 [3] 1 0.00
5 2 [3] 1 0.00
5 2 [3] 1 0.00
5 2 [3] 1 0.00
5 2 [3] 1 0.00
5 2 [3] 1 0.00
5 2 [3] 1 0.00
5 2 [3] 1 0.00
5 2 [3] 1 0.00
5 2 [3] 1 0.00
5 2 [3] 1 0.01
5 2 [3] 1 0.01
5 2 [3] 1 0.01
5 2 [3] 1 0.01
5 2 [3] 1 0.01
5 2 [3] 1 0.01
5 2 [3] 1 0.01
5 2 [3] 1 0.01
5 2 [3] 1 0.01
5 2 [3] 1 0.01
5 2 [3] 1 0.01
5 2 [3] 1 0.01
5 2 [3] 1 0.01
5 2 [3] 1 0.01
5 4 [1, 2] 1 0.01
6 6 [2] 3 0.10
6 6 [2] 3 0.00
6 2 [3] 1 0.00
6 2 [3] 1 0.00
6 2 [3] 1 0.00
6 2 [3] 1 0.00
6 2 [3] 1 0.00
6 2 [3] 1 0.00
6 6 [2] 3 0.00
6 6 [2] 3 0.00
6 6 [2] 3 0.00
6 3 [2, 3] 0 0.00
6 3 [2, 3] 0 0.00
6 2 [3] 1 0.00
6 6 [2] 3 0.00
6 6 [2] 1 0.00
6 6 [2] 1 0.00
6 6 [2] 1 0.00
6 3 [2, 3] 0 0.00
6 6 [2] 1 0.00
6 6 [2] 1 0.00
6 2 [3] 1 0.00
6 2 [3] 1 0.00
6 2 [3] 1 0.00
6 2 [3] 1 0.00
6 2 [3] 1 0.00
6 2 [3] 1 0.00
6 2 [3] 1 0.00
6 2 [3] 1 0.00
6 2 [3] 1 0.00
6 2 [3] 1 0.00
6 2 [3] 1 0.00
6 2 [3] 1 0.00
6 2 [3] 1 0.00
6 2 [3] 1 0.00
6 6 [2] 3 0.00
6 6 [2] 3 0.00
6 2 [3] 1 0.00
6 2 [3] 1 0.00
6 2 [3] 1 0.00
6 2 [3] 1 0.00
6 6 [2] 3 0.00
6 6 [2] 3 0.00
6 6 [2] 3 0.00
6 6 [2] 3 0.00
6 2 [3] 1 0.00
6 2 [3] 1 0.00
6 5 [0, 2, 3] 3 0.00
7 6 [2] 3 0.06
7 6 [2] 3 0.10
7 6 [2] 3 0.10
7 6 [2] 3 0.13
7 6 [2] 3 0.12
7 6 [2] 3 0.10
7 6 [2] 3 0.07
7 6 [2] 3 0.08
7 6 [2] 3 0.08
7 6 [2] 3 0.09
7 6 [2] 3 0.01
7 6 [2] 3 0.01
7 6 [2] 3 0.01
7 6 [2] 3 0.01
7 6 [2] 3 0.01
7 6 [2] 3 0.01
7 6 [2] 3 0.01
7 6 [2] 3 0.01
7 6 [2] 3 0.01
7 6 [2] 3 0.01
7 6 [2] 3 0.01
7 6 [2] 3 0.01
7 6 [2] 3 0.01
7 6 [2] 3 0.01
7 6 [2] 3 0.01
7 6 [2] 3 0.01
7 6 [2] 3 0.01
7 6 [2] 3 0.01
7 6 [2] 3 0.01
7 6 [2] 3 0.01
7 3 [2, 3] 0 0.01
7 6 [2] 3 0.01
7 3 [2, 3] 0 0.01
7 3 [2, 3] 0 0.01
7 1 [1] 0 0.00
7 1 [1] 0 0.00
7 1 [1] 0 0.00
7 1 [1] 0 0.00
7 1 [1] 0 0.00
7 1 [1] 0 0.00
7 3 [2, 3] 0 0.00
7 1 [1] 0 0.00
7 3 [2, 3] 0 0.00
7 1 [1] 0 0.00
7 3 [2, 3] 0 0.00
7 1 [1] 0 0.00
7 3 [2, 3] 0 0.00
7 1 [1] 0 0.00
7 3 [2, 3] 0 0.00
7 3 [2, 3] 0 0.01
7 1 [1] 0 0.01
7 3 [2, 3] 0 0.01
7 1 [1] 0 0.01
7 1 [1] 0 0.01
7 1 [1] 0 0.01
7 1 [1] 0 0.01
7 6 [2] 3 0.01
7 1 [1] 0 0.01
7 1 [1] 0 0.01
7 1 [1] 0 0.01
7 6 [2] 3 0.01
7 6 [2] 3 0.01
7 6 [2] 3 0.01
7 6 [2] 3 0.01
7 1 [1] 0 0.01
7 1 [1] 0 0.01
7 1 [1] 0 0.01
7 1 [1] 0 0.01
7 6 [2] 3 0.01
7 1 [1] 0 0.01
7 1 [1] 0 0.01
7 6 [2] 3 0.01
7 1 [1] 0 0.01
7 1 [1] 0 0.01
7 1 [1] 0 0.01
7 6 [2] 3 0.01
7 1 [1] 0 0.01
7 6 [2] 3 0.01
8 6 [2] 3 0.00
8 6 [2] 3 0.00
8 3 [2, 3] 0 0.00
8 3 [2, 3] 0 0.01
8 6 [2] 3 0.01
8 6 [2] 3 0.01
8 6 [2] 3 0.01
8 6 [2] 3 0.01
8 6 [2] 3 0.01
8 6 [2] 3 0.01
8 6 [2] 3 0.01
8 6 [2] 3 0.02
8 6 [2] 3 0.02
8 6 [2] 3 0.02
8 6 [2] 3 0.02
8 6 [2] 3 0.02
8 6 [2] 3 0.02
8 6 [2] 3 0.02
8 6 [2] 3 0.02
8 6 [2] 3 0.03
8 6 [2] 3 0.03
8 6 [2] 3 0.03
8 6 [2] 3 0.03
8 6 [2] 3 0.03
8 6 [2] 3 0.03
8 6 [2] 3 0.03
8 6 [2] 3 0.03
8 6 [2] 3 0.03
8 6 [2] 3 0.03
8 6 [2] 3 0.03
8 6 [2] 3 0.04
8 6 [2] 3 0.04
8 6 [2] 3 0.04
8 6 [2] 3 0.04
8 6 [2] 3 0.04
8 6 [2] 3 0.04
8 6 [2] 3 0.04
8 6 [2] 3 0.04
8 6 [2] 3 0.04
8 6 [2] 3 0.04
8 6 [2] 3 0.04
8 6 [2] 3 0.04
8 6 [2] 3 0.04
8 6 [2] 3 0.04
8 6 [2] 3 0.05
8 6 [2] 3 0.04
8 6 [2] 3 0.05
8 6 [2] 3 0.05
8 6 [2] 3 0.05
8 6 [2] 3 0.05
8 6 [2] 3 0.05
8 6 [2] 3 0.05
8 6 [2] 3 0.05
8 6 [2] 3 0.05
8 6 [2] 3 0.05
8 6 [2] 3 0.05
8 6 [2] 3 0.05
8 6 [2] 3 0.05
8 6 [2] 3 0.05
8 6 [2] 3 0.05
8 6 [2] 3 0.06
8 6 [2] 3 0.06
8 6 [2] 3 0.06
8 6 [2] 3 0.06
8 6 [2] 3 0.06
8 6 [2] 3 0.06
8 6 [2] 3 0.06
8 6 [2] 3 0.06
8 6 [2] 3 0.06
8 6 [2] 3 0.06
8 6 [2] 3 0.06
8 6 [2] 3 0.06
8 6 [2] 3 0.06
8 6 [2] 3 0.06
8 6 [2] 3 0.06
8 6 [2] 3 0.06
8 6 [2] 3 0.06
8 6 [2] 3 0.06
8 6 [2] 3 0.06
8 6 [2] 3 0.06
8 6 [2] 3 0.06
8 6 [2] 3 0.07
8 6 [2] 3 0.07
8 6 [2] 3 0.07
8 6 [2] 3 0.07
8 6 [2] 3 0.07
8 6 [2] 3 0.07
8 6 [2] 3 0.07
8 6 [2] 3 0.07
8 6 [2] 3 0.07
8 6 [2] 3 0.07
8 6 [2] 3 0.07
8 6 [2] 3 0.07
8 6 [2] 3 0.07
8 6 [2] 3 0.07
8 6 [2] 3 0.07
8 6 [2] 3 0.07
8 6 [2] 3 0.07
8 6 [2] 3 0.07
8 6 [2] 3 0.07
8 6 [2] 3 0.07
8 6 [2] 3 0.07
8 6 [2] 3 0.07
8 6 [2] 3 0.07
8 2 [3] 2 0.07
8 6 [2] 3 0.07
8 6 [2] 3 0.07
8 2 [3] 1 0.01
8 2 [3] 1 0.01
8 6 [2] 3 0.01
8 6 [2] 3 0.01
8 6 [2] 3 0.01
8 2 [3] 1 0.01
8 6 [2] 3 0.01
8 2 [3] 1 0.01
8 7 [0, 3] 3 0.01
9 3 [2, 3] 0 0.00
9 3 [2, 3] 0 0.00
9 3 [2, 3] 0 0.00
9 6 [2] 3 0.00
9 2 [3] 2 0.00
9 2 [3] 2 0.00
9 2 [3] 2 0.00
9 2 [3] 2 0.00
9 2 [3] 2 0.00
9 2 [3] 2 0.00
9 2 [3] 1 0.00
9 2 [3] 1 0.00
9 6 [2] 3 0.00
9 2 [3] 1 0.00
9 3 [2, 3] 0 0.00
9 3 [2, 3] 0 0.00
9 2 [3] 1 0.00
9 6 [2] 1 0.00
9 3 [2, 3] 0 0.00
9 6 [2] 1 0.00
9 3 [2, 3] 0 0.00
9 3 [2, 3] 0 0.00
9 6 [2] 3 0.00
9 6 [2] 1 0.00
9 3 [2, 3] 0 0.00
9 6 [2] 3 0.00
9 6 [2] 1 0.00
9 6 [2] 1 0.00
9 3 [2, 3] 0 0.00
9 6 [2] 1 0.00
9 6 [2] 1 0.00
9 3 [2, 3] 0 0.00
9 6 [2] 1 0.00
9 6 [2] 3 0.00
9 6 [2] 3 0.00
9 6 [2] 3 0.00
9 6 [2] 3 0.00
9 6 [2] 3 0.00
9 6 [2] 3 0.01
9 6 [2] 3 0.01
9 6 [2] 3 0.01
9 6 [2] 3 0.01
9 6 [2] 3 0.01
9 6 [2] 3 0.01
9 6 [2] 3 0.01
9 6 [2] 3 0.01
9 6 [2] 3 0.01
9 6 [2] 3 0.01
9 6 [2] 3 0.01
9 6 [2] 3 0.01
9 6 [2] 3 0.01
9 6 [2] 3 0.01
9 6 [2] 3 0.01
9 6 [2] 3 0.01
9 6 [2] 3 0.01
9 6 [2] 3 0.01
9 6 [2] 3 0.01
9 6 [2] 3 0.01
9 6 [2] 3 0.01
9 6 [2] 3 0.01
9 6 [2] 3 0.01
9 6 [2] 3 0.01
9 6 [2] 3 0.01
9 6 [2] 3 0.01
9 6 [2] 3 0.01
9 6 [2] 3 0.01
9 6 [2] 3 0.01
9 6 [2] 3 0.01
9 6 [2] 3 0.01
9 6 [2] 3 0.01
9 6 [2] 3 0.01
9 6 [2] 3 0.01
9 6 [2] 3 0.01
9 6 [2] 3 0.01
9 6 [2] 3 0.01
9 6 [2] 3 0.01
9 6 [2] 3 0.01
9 6 [2] 3 0.01
9 6 [2] 3 0.01
9 6 [2] 3 0.01
9 6 [2] 3 0.01
9 6 [2] 3 0.01
9 6 [2] 3 0.01
9 6 [2] 3 0.01
9 6 [2] 3 0.01
9 6 [2] 3 0.01
9 6 [2] 3 0.01
9 6 [2] 3 0.01
9 6 [2] 3 0.01
9 6 [2] 3 0.01
9 6 [2] 3 0.01
9 6 [2] 3 0.01
9 6 [2] 3 0.01
9 6 [2] 3 0.01
9 6 [2] 3 0.01
9 6 [2] 3 0.01
9 6 [2] 3 0.01
9 6 [2] 3 0.01
9 6 [2] 3 0.01
9 6 [2] 3 0.01
9 6 [2] 3 0.01
9 6 [2] 3 0.01
9 6 [2] 3 0.01
9 6 [2] 3 0.01
9 6 [2] 3 0.01
9 6 [2] 3 0.01
9 6 [2] 3 0.01
9 6 [2] 3 0.01
9 6 [2] 3 0.01
9 6 [2] 3 0.01
9 6 [2] 3 0.01
9 6 [2] 3 0.01
9 6 [2] 3 0.01
9 6 [2] 3 0.01
9 6 [2] 3 0.01
9 6 [2] 3 0.01
9 6 [2] 3 0.01
9 6 [2] 3 0.01
9 6 [2] 3 0.01
9 6 [2] 3 0.01
9 6 [2] 3 0.01
9 6 [2] 3 0.01
9 6 [2] 3 0.01
9 6 [2] 3 0.01
9 6 [2] 3 0.01
9 6 [2] 3 0.01
9 6 [2] 3 0.01
9 6 [2] 3 0.02
9 6 [2] 3 0.02
9 6 [2] 3 0.02
9 6 [2] 3 0.02
9 6 [2] 3 0.02
9 6 [2] 3 0.02
9 6 [2] 3 0.02
9 6 [2] 3 0.02
9 6 [2] 3 0.02
9 6 [2] 3 0.02
9 6 [2] 3 0.02
9 6 [2] 3 0.02
9 6 [2] 3 0.02
9 6 [2] 3 0.02
9 6 [2] 3 0.02
9 6 [2] 3 0.02
9 6 [2] 3 0.02
9 6 [2] 3 0.02
9 6 [2] 3 0.02
9 6 [2] 3 0.02
9 6 [2] 3 0.02
9 6 [2] 3 0.02
9 6 [2] 3 0.02
9 6 [2] 3 0.02
9 6 [2] 3 0.02
9 6 [2] 3 0.02
9 6 [2] 3 0.02
9 6 [2] 3 0.02
9 6 [2] 3 0.02
9 6 [2] 3 0.02
9 6 [2] 3 0.02
9 6 [2] 3 0.02
9 6 [2] 3 0.02
9 6 [2] 3 0.02
9 6 [2] 3 0.02
9 6 [2] 3 0.02
9 6 [2] 3 0.02
9 6 [2] 3 0.02
9 6 [2] 3 0.02
9 6 [2] 3 0.02
9 6 [2] 3 0.02
9 6 [2] 3 0.02
9 6 [2] 3 0.02
9 6 [2] 3 0.02
9 6 [2] 3 0.02
9 6 [2] 3 0.02
9 6 [2] 3 0.02
9 6 [2] 3 0.02
9 6 [2] 3 0.02
9 6 [2] 3 0.02
9 6 [2] 3 0.02
9 6 [2] 3 0.02
9 6 [2] 3 0.02
9 6 [2] 3 0.02
9 6 [2] 3 0.02
9 6 [2] 3 0.02
9 6 [2] 3 0.02
9 6 [2] 3 0.02
9 6 [2] 1 0.02
9 6 [2] 1 0.02
9 6 [2] 1 0.02
9 6 [2] 1 0.02
9 6 [2] 1 0.02
9 6 [2] 1 0.02
9 6 [2] 1 0.02
9 6 [2] 1 0.02
9 6 [2] 1 0.02
9 6 [2] 1 0.02
9 6 [2] 1 0.02
9 6 [2] 1 0.02
9 6 [2] 1 0.02
9 6 [2] 1 0.02
9 6 [2] 1 0.02
9 6 [2] 1 0.02
9 6 [2] 1 0.02
9 6 [2] 1 0.02
9 6 [2] 1 0.02
9 6 [2] 1 0.02
9 6 [2] 1 0.02
9 6 [2] 3 0.02
9 6 [2] 3 0.02
9 6 [2] 3 0.02
9 6 [2] 3 0.02
9 6 [2] 3 0.02
9 6 [2] 3 0.02
9 6 [2] 3 0.02
9 6 [2] 3 0.02
9 6 [2] 3 0.02
9 6 [2] 3 0.02
9 6 [2] 3 0.02
9 6 [2] 3 0.02
9 6 [2] 3 0.02
9 6 [2] 3 0.02
9 6 [2] 3 0.02
9 6 [2] 3 0.02
9 6 [2] 3 0.02
9 6 [2] 3 0.02
9 6 [2] 3 0.02
9 6 [2] 3 0.02
9 6 [2] 3 0.02
9 6 [2] 3 0.02
9 6 [2] 3 0.02
9 6 [2] 3 0.02
9 6 [2] 3 0.02
9 6 [2] 3 0.02
9 6 [2] 3 0.02
9 6 [2] 3 0.02
9 6 [2] 3 0.02
9 6 [2] 3 0.02
9 6 [2] 3 0.02
9 2 [3] 2 0.02
9 4 [1, 2] 2 0.02
10 2 [3] 2 0.00
10 2 [3] 2 0.00
10 2 [3] 2 0.00
10 3 [2, 3] 0 0.00
10 6 [2] 3 0.00
10 6 [2] 3 0.00
10 6 [2] 3 0.00
10 6 [2] 3 0.00
10 6 [2] 3 0.00
10 6 [2] 3 0.00
10 6 [2] 3 0.00
10 6 [2] 3 0.00
10 6 [2] 3 0.00
10 6 [2] 3 0.00
10 6 [2] 3 0.00
10 6 [2] 3 0.00
10 6 [2] 3 0.00
10 6 [2] 3 0.00
10 6 [2] 3 0.00
10 6 [2] 3 0.00
10 6 [2] 3 0.00
10 6 [2] 3 0.01
10 6 [2] 3 0.01
10 6 [2] 3 0.01
10 6 [2] 3 0.01
10 6 [2] 3 0.01
10 6 [2] 3 0.01
10 6 [2] 3 0.01
10 6 [2] 3 0.01
10 6 [2] 3 0.01
10 6 [2] 3 0.01
10 6 [2] 3 0.01
10 6 [2] 3 0.01
10 6 [2] 3 0.01
10 6 [2] 3 0.01
10 6 [2] 3 0.01
10 6 [2] 3 0.01
10 6 [2] 3 0.01
10 6 [2] 3 0.01
10 6 [2] 3 0.01
10 6 [2] 3 0.01
10 6 [2] 3 0.01
10 6 [2] 3 0.01
10 6 [2] 3 0.01
10 6 [2] 3 0.01
10 6 [2] 3 0.01
10 6 [2] 3 0.01
10 6 [2] 3 0.01
10 6 [2] 3 0.01
10 6 [2] 3 0.01
10 6 [2] 3 0.01
10 6 [2] 3 0.01
10 6 [2] 3 0.01
10 6 [2] 3 0.01
10 6 [2] 3 0.01
10 6 [2] 3 0.01
10 6 [2] 3 0.01
10 6 [2] 3 0.01
10 6 [2] 3 0.01
10 6 [2] 3 0.01
10 6 [2] 3 0.01
10 6 [2] 3 0.01
10 6 [2] 3 0.01
10 6 [2] 3 0.01
10 6 [2] 3 0.01
10 6 [2] 3 0.01
10 6 [2] 3 0.01
10 6 [2] 3 0.01
10 6 [2] 3 0.01
10 6 [2] 3 0.01
10 6 [2] 3 0.02
10 6 [2] 3 0.02
10 6 [2] 3 0.02
10 6 [2] 3 0.02
10 6 [2] 3 0.02
10 6 [2] 3 0.02
10 6 [2] 3 0.02
10 6 [2] 3 0.02
10 6 [2] 3 0.02
10 6 [2] 3 0.02
10 6 [2] 3 0.02
10 6 [2] 3 0.02
10 6 [2] 3 0.02
10 6 [2] 3 0.02
10 6 [2] 3 0.02
10 6 [2] 3 0.02
10 6 [2] 3 0.02
10 6 [2] 3 0.02
10 6 [2] 3 0.02
10 6 [2] 3 0.02
10 6 [2] 3 0.02
10 6 [2] 3 0.02
10 6 [2] 3 0.02
10 6 [2] 3 0.02
10 6 [2] 3 0.02
10 6 [2] 3 0.02
10 6 [2] 3 0.02
10 6 [2] 3 0.02
10 6 [2] 3 0.02
10 6 [2] 3 0.02
10 6 [2] 3 0.02
10 6 [2] 3 0.02
10 6 [2] 3 0.02
10 6 [2] 3 0.02
10 6 [2] 3 0.02
10 6 [2] 3 0.02
10 6 [2] 3 0.02
10 6 [2] 3 0.02
10 6 [2] 3 0.02
10 6 [2] 3 0.02
10 6 [2] 3 0.02
10 6 [2] 3 0.02
10 6 [2] 3 0.02
10 6 [2] 3 0.02
10 6 [2] 3 0.02
10 6 [2] 3 0.02
10 6 [2] 3 0.02
10 6 [2] 3 0.02
10 6 [2] 3 0.02
10 6 [2] 3 0.02
10 6 [2] 3 0.02
10 6 [2] 3 0.02
10 6 [2] 3 0.02
10 6 [2] 3 0.02
10 6 [2] 3 0.02
10 6 [2] 3 0.02
10 6 [2] 3 0.02
10 6 [2] 3 0.02
10 6 [2] 3 0.02
10 6 [2] 3 0.02
10 6 [2] 3 0.03
10 6 [2] 3 0.03
10 6 [2] 3 0.03
10 6 [2] 3 0.03
10 6 [2] 3 0.03
10 6 [2] 3 0.03
10 6 [2] 3 0.03
10 6 [2] 3 0.03
10 6 [2] 3 0.03
10 2 [3] 1 0.03
10 6 [2] 3 0.03
10 6 [2] 3 0.03
10 2 [3] 1 0.03
10 6 [2] 3 0.03
10 2 [3] 1 0.03
10 2 [3] 1 0.03
10 2 [3] 1 0.03
10 2 [3] 1 0.03
10 6 [2] 3 0.03
10 2 [3] 1 0.03
10 6 [2] 3 0.03
10 6 [2] 3 0.03
10 6 [2] 3 0.03
10 6 [2] 3 0.03
10 6 [2] 3 0.03
10 6 [2] 3 0.03
10 6 [2] 3 0.03
10 6 [2] 3 0.03
10 6 [2] 3 0.03
10 6 [2] 3 0.03
10 6 [2] 3 0.03
10 6 [2] 3 0.03
10 6 [2] 3 0.03
10 6 [2] 3 0.03
10 6 [2] 3 0.03
10 6 [2] 3 0.03
10 6 [2] 3 0.03
10 6 [2] 3 0.03
10 6 [2] 3 0.03
10 6 [2] 3 0.03
10 6 [2] 3 0.03
10 6 [2] 3 0.03
10 6 [2] 3 0.03
10 6 [2] 3 0.03
10 6 [2] 3 0.03
10 6 [2] 3 0.03
10 6 [2] 3 0.03
10 6 [2] 3 0.03
10 6 [2] 3 0.03
10 6 [2] 3 0.03
10 6 [2] 3 0.03
10 6 [2] 3 0.03
10 6 [2] 3 0.03
10 6 [2] 3 0.03
10 6 [2] 3 0.03
10 6 [2] 3 0.03
10 6 [2] 3 0.03
10 6 [2] 3 0.03
10 6 [2] 3 0.03
10 6 [2] 3 0.03
10 6 [2] 3 0.03
10 6 [2] 3 0.03
10 6 [2] 3 0.03
10 6 [2] 3 0.03
10 6 [2] 3 0.03
10 6 [2] 3 0.03
10 6 [2] 3 0.03
10 6 [2] 3 0.03
10 6 [2] 3 0.03
10 6 [2] 3 0.03
10 6 [2] 3 0.03
10 6 [2] 3 0.03
10 6 [2] 3 0.03
10 6 [2] 3 0.03
10 6 [2] 3 0.03
10 6 [2] 3 0.04
10 6 [2] 3 0.04
10 6 [2] 3 0.04
10 6 [2] 3 0.04
10 6 [2] 3 0.04
10 6 [2] 3 0.04
10 6 [2] 3 0.04
10 6 [2] 3 0.04
10 6 [2] 3 0.04
10 6 [2] 3 0.04
10 6 [2] 3 0.04
10 6 [2] 3 0.04
10 6 [2] 3 0.04
10 6 [2] 3 0.04
10 6 [2] 3 0.04
10 6 [2] 3 0.04
10 6 [2] 3 0.04
10 6 [2] 3 0.04
10 6 [2] 3 0.04
10 6 [2] 3 0.04
10 6 [2] 3 0.04
10 6 [2] 3 0.04
10 6 [2] 3 0.04
10 6 [2] 3 0.04
10 6 [2] 3 0.04
10 6 [2] 3 0.04
10 6 [2] 3 0.04
10 6 [2] 3 0.04
10 6 [2] 3 0.04
10 6 [2] 3 0.04
10 6 [2] 3 0.04
10 6 [2] 3 0.04
10 6 [2] 3 0.04
10 6 [2] 3 0.04
10 6 [2] 3 0.04
10 6 [2] 3 0.04
10 6 [2] 3 0.04
10 6 [2] 3 0.04
10 6 [2] 3 0.04
10 6 [2] 3 0.04
10 6 [2] 3 0.04
10 6 [2] 3 0.04
10 6 [2] 3 0.04
10 6 [2] 3 0.04
10 6 [2] 3 0.04
10 6 [2] 3 0.04
10 6 [2] 3 0.04
10 6 [2] 3 0.04
10 6 [2] 3 0.04
10 6 [2] 3 0.04
10 6 [2] 3 0.04
10 6 [2] 3 0.04
10 6 [2] 3 0.04
10 6 [2] 3 0.04
10 6 [2] 3 0.04
10 6 [2] 3 0.04
10 6 [2] 3 0.04
10 6 [2] 3 0.04
10 6 [2] 3 0.04
10 6 [2] 3 0.04
10 6 [2] 3 0.04
10 6 [2] 3 0.04
10 6 [2] 3 0.04
10 6 [2] 3 0.04
10 6 [2] 3 0.04
10 6 [2] 3 0.04
10 6 [2] 3 0.04
10 6 [2] 3 0.04
10 6 [2] 3 0.04
10 6 [2] 3 0.04
10 6 [2] 3 0.04
10 6 [2] 3 0.04
10 6 [2] 3 0.04
10 6 [2] 3 0.04
10 6 [2] 3 0.04
10 6 [2] 3 0.04
10 6 [2] 3 0.04
10 6 [2] 3 0.04
10 6 [2] 3 0.04
10 6 [2] 3 0.04
10 6 [2] 3 0.04
10 6 [2] 3 0.04
10 6 [2] 3 0.04
10 6 [2] 3 0.04
10 6 [2] 3 0.04
10 6 [2] 3 0.04
10 6 [2] 3 0.04
10 6 [2] 3 0.04
10 6 [2] 3 0.04
10 6 [2] 3 0.04
10 6 [2] 3 0.04
10 6 [2] 3 0.04
10 6 [2] 3 0.04
10 6 [2] 3 0.04
10 6 [2] 3 0.04
10 6 [2] 3 0.04
10 6 [2] 3 0.04
10 6 [2] 3 0.04
10 6 [2] 3 0.04
10 6 [2] 3 0.04
10 2 [3] 1 0.04
10 6 [2] 3 0.04
10 6 [2] 3 0.04
10 2 [3] 1 0.04
10 6 [2] 3 0.04
10 2 [3] 1 0.04
10 6 [2] 3 0.04
10 6 [2] 3 0.04
10 6 [2] 3 0.04
10 6 [2] 3 0.04
10 6 [2] 3 0.04
10 6 [2] 3 0.05
10 6 [2] 3 0.05
10 6 [2] 3 0.05
10 6 [2] 3 0.05
10 6 [2] 3 0.05
10 6 [2] 3 0.05
10 6 [2] 3 0.05
10 6 [2] 3 0.05
10 6 [2] 3 0.05
10 6 [2] 3 0.05
10 6 [2] 3 0.05
10 6 [2] 3 0.05
10 6 [2] 3 0.05
10 6 [2] 3 0.05
10 6 [2] 3 0.05
10 6 [2] 3 0.05
10 6 [2] 3 0.05
10 6 [2] 3 0.05
10 6 [2] 3 0.05
10 6 [2] 3 0.05
10 6 [2] 3 0.05
10 6 [2] 3 0.05
10 6 [2] 3 0.05
10 6 [2] 3 0.05
10 6 [2] 3 0.05
10 6 [2] 3 0.05
10 6 [2] 3 0.05
10 6 [2] 3 0.05
10 6 [2] 3 0.05
10 6 [2] 3 0.05
10 6 [2] 3 0.05
10 6 [2] 3 0.05
10 6 [2] 3 0.05
10 6 [2] 3 0.05
10 6 [2] 3 0.05
10 6 [2] 3 0.05
10 6 [2] 3 0.05
10 6 [2] 3 0.05
10 6 [2] 3 0.05
10 6 [2] 3 0.05
10 6 [2] 3 0.05
10 6 [2] 3 0.05
10 6 [2] 3 0.05
10 6 [2] 3 0.05
10 6 [2] 3 0.05
10 6 [2] 3 0.05
10 6 [2] 3 0.05
10 6 [2] 3 0.05
10 6 [2] 3 0.05
10 6 [2] 3 0.05
10 6 [2] 3 0.05
10 6 [2] 3 0.05
10 6 [2] 3 0.05
10 6 [2] 3 0.05
10 6 [2] 3 0.05
10 6 [2] 3 0.05
10 6 [2] 3 0.05
10 6 [2] 3 0.05
10 6 [2] 3 0.05
10 6 [2] 3 0.05
10 6 [2] 3 0.05
10 6 [2] 3 0.05
10 6 [2] 3 0.05
10 6 [2] 3 0.05
10 6 [2] 3 0.05
10 6 [2] 3 0.05
10 6 [2] 3 0.05
10 6 [2] 3 0.05
10 6 [2] 3 0.05
10 6 [2] 3 0.05
10 6 [2] 3 0.05
10 6 [2] 3 0.05
10 6 [2] 3 0.05
10 6 [2] 3 0.05
10 6 [2] 3 0.05
10 6 [2] 3 0.05
10 6 [2] 3 0.05
10 6 [2] 3 0.05
10 6 [2] 3 0.05
10 6 [2] 3 0.05
10 6 [2] 3 0.05
10 6 [2] 3 0.05
10 6 [2] 3 0.05
10 6 [2] 3 0.05
10 6 [2] 3 0.05
10 6 [2] 3 0.05
10 6 [2] 3 0.05
10 6 [2] 3 0.05
10 6 [2] 3 0.05
10 6 [2] 3 0.05
10 6 [2] 3 0.05
10 6 [2] 3 0.05
10 6 [2] 3 0.05
10 6 [2] 3 0.05
10 6 [2] 3 0.05
10 6 [2] 3 0.05
10 6 [2] 3 0.05
10 6 [2] 3 0.05
10 6 [2] 3 0.05
10 6 [2] 3 0.05
10 6 [2] 3 0.05
10 6 [2] 3 0.05
10 6 [2] 3 0.05
10 6 [2] 3 0.05
10 6 [2] 3 0.05
10 6 [2] 3 0.05
10 6 [2] 3 0.05
10 6 [2] 3 0.05
10 6 [2] 3 0.05
10 6 [2] 3 0.05
10 6 [2] 3 0.05
10 6 [2] 3 0.05
10 6 [2] 3 0.05
10 6 [2] 3 0.05
10 6 [2] 3 0.05
10 6 [2] 3 0.05
10 6 [2] 3 0.05
10 6 [2] 3 0.05
10 6 [2] 3 0.05
10 6 [2] 3 0.05
10 6 [2] 3 0.05
10 6 [2] 3 0.05
10 6 [2] 3 0.05
10 6 [2] 3 0.05
10 6 [2] 3 0.05
10 6 [2] 3 0.05
10 6 [2] 3 0.05
10 6 [2] 3 0.05
10 6 [2] 3 0.05
10 6 [2] 3 0.05
10 6 [2] 3 0.05
10 6 [2] 3 0.05
10 6 [2] 3 0.05
10 6 [2] 3 0.05
10 6 [2] 3 0.05
10 6 [2] 3 0.05
10 6 [2] 3 0.05
10 6 [2] 3 0.05
10 6 [2] 3 0.05
10 6 [2] 3 0.05
10 6 [2] 3 0.05
10 6 [2] 3 0.05
10 6 [2] 3 0.05
10 6 [2] 3 0.05
10 6 [2] 3 0.05
10 6 [2] 3 0.05
10 6 [2] 3 0.05
10 6 [2] 3 0.05
10 6 [2] 3 0.05
10 6 [2] 3 0.05
10 6 [2] 3 0.05
10 6 [2] 3 0.05
10 6 [2] 3 0.05
10 6 [2] 3 0.06
10 6 [2] 3 0.06
10 6 [2] 3 0.06
10 6 [2] 3 0.06
10 6 [2] 3 0.06
10 6 [2] 3 0.06
10 6 [2] 3 0.06
10 6 [2] 3 0.06
10 6 [2] 3 0.06
10 6 [2] 3 0.06
10 6 [2] 3 0.06
10 6 [2] 3 0.06
10 6 [2] 3 0.06
10 6 [2] 3 0.06
10 6 [2] 3 0.06
10 6 [2] 3 0.06
10 6 [2] 3 0.06
10 6 [2] 3 0.06
10 6 [2] 3 0.06
10 6 [2] 3 0.06
10 6 [2] 3 0.06
10 6 [2] 3 0.06
10 6 [2] 3 0.06
10 6 [2] 3 0.06
10 6 [2] 3 0.06
10 6 [2] 3 0.06
10 6 [2] 3 0.06
10 6 [2] 3 0.06
10 6 [2] 3 0.06
10 6 [2] 3 0.06
10 6 [2] 3 0.06
10 6 [2] 3 0.06
10 6 [2] 3 0.06
10 6 [2] 3 0.06
10 6 [2] 3 0.06
10 6 [2] 3 0.06
10 6 [2] 3 0.06
10 6 [2] 3 0.06
10 6 [2] 3 0.06
10 6 [2] 3 0.06
10 6 [2] 3 0.06
10 6 [2] 3 0.06
10 6 [2] 3 0.06
10 6 [2] 3 0.06
10 6 [2] 3 0.06
10 6 [2] 3 0.06
10 6 [2] 3 0.06
10 6 [2] 3 0.06
10 6 [2] 3 0.06
10 6 [2] 3 0.06
10 6 [2] 3 0.06
10 6 [2] 3 0.06
10 6 [2] 3 0.06
10 6 [2] 3 0.06
10 6 [2] 3 0.06
10 6 [2] 3 0.06
10 6 [2] 3 0.06
10 6 [2] 3 0.06
10 6 [2] 3 0.06
10 6 [2] 3 0.06
10 6 [2] 3 0.06
10 6 [2] 3 0.06
10 6 [2] 3 0.06
10 6 [2] 3 0.06
10 6 [2] 3 0.06
10 6 [2] 3 0.06
10 6 [2] 3 0.06
10 6 [2] 3 0.06
10 6 [2] 3 0.06
10 6 [2] 3 0.06
10 6 [2] 3 0.06
10 6 [2] 3 0.06
10 6 [2] 3 0.06
10 6 [2] 3 0.06
10 6 [2] 3 0.06
10 6 [2] 3 0.06
10 6 [2] 3 0.06
10 6 [2] 3 0.06
10 6 [2] 3 0.06
10 6 [2] 3 0.06
10 2 [3] 1 0.06
10 6 [2] 3 0.06
10 6 [2] 3 0.06
10 6 [2] 3 0.06
10 6 [2] 3 0.06
10 6 [2] 3 0.06
10 6 [2] 3 0.06
10 6 [2] 3 0.06
10 6 [2] 3 0.06
10 6 [2] 3 0.06
10 6 [2] 3 0.06
10 6 [2] 3 0.06
10 6 [2] 3 0.06
10 6 [2] 3 0.06
10 6 [2] 3 0.06
10 6 [2] 3 0.06
10 6 [2] 3 0.06
10 6 [2] 3 0.06
10 6 [2] 3 0.06
10 6 [2] 3 0.06
10 6 [2] 3 0.06
10 6 [2] 3 0.06
10 6 [2] 3 0.06
10 6 [2] 3 0.06
10 6 [2] 3 0.06
10 6 [2] 3 0.06
10 6 [2] 3 0.06
10 6 [2] 3 0.06
10 6 [2] 3 0.06
10 6 [2] 3 0.06
10 6 [2] 3 0.06
10 6 [2] 3 0.06
10 6 [2] 3 0.06
10 6 [2] 3 0.06
10 6 [2] 3 0.06
10 6 [2] 3 0.06
10 6 [2] 3 0.06
10 6 [2] 3 0.06
10 6 [2] 3 0.06
10 6 [2] 3 0.06
10 6 [2] 3 0.06
10 6 [2] 3 0.06
10 6 [2] 3 0.06
10 6 [2] 3 0.06
10 6 [2] 3 0.06
10 6 [2] 3 0.06
10 6 [2] 3 0.06
10 6 [2] 3 0.06
10 6 [2] 3 0.06
10 6 [2] 3 0.06
10 6 [2] 3 0.06
10 6 [2] 3 0.06
10 6 [2] 3 0.06
10 6 [2] 3 0.06
10 6 [2] 3 0.06
10 6 [2] 3 0.06
10 6 [2] 3 0.06
10 6 [2] 3 0.06
10 6 [2] 3 0.06
10 6 [2] 3 0.06
10 6 [2] 3 0.06
10 6 [2] 3 0.06
10 6 [2] 3 0.06
10 6 [2] 3 0.06
10 6 [2] 3 0.06
10 6 [2] 3 0.06
10 6 [2] 3 0.06
10 9 [0] 0 0.06
