1 6 [2] 3 1.00
1 6 [2] 3 1.00
1 6 [2] 3 0.75
1 2 [3] 2 0.44
1 6 [2] 3 0.25
1 6 [2] 3 0.22
1 9 [0] 3 0.21
1 6 [2] 3 0.23
1 6 [2] 3 0.23
1 6 [2] 3 0.22
1 9 [0] 3 0.22
1 6 [2] 3 0.23
1 6 [2] 3 0.23
1 6 [2] 3 0.23
1 6 [2] 3 0.18
1 2 [3] 2 0.18
1 2 [3] 2 0.18
1 2 [3] 1 0.17
1 3 [2, 3] 0 0.18
1 2 [3] 1 0.17
1 6 [2] 3 0.16
1 2 [3] 1 0.17
1 2 [3] 1 0.17
1 6 [2] 3 0.17
1 6 [2] 3 0.17
1 6 [2] 3 0.17
1 2 [3] 2 0.16
1 6 [2] 3 0.15
1 6 [2] 3 0.16
1 6 [2] 3 0.15
1 6 [2] 3 0.16
1 6 [2] 1 0.16
1 6 [2] 1 0.16
1 6 [2] 1 0.17
1 6 [2] 1 0.17
1 6 [2] 3 0.15
1 6 [2] 3 0.15
1 6 [2] 3 0.15
1 6 [2] 3 0.13
1 6 [2] 3 0.13
1 6 [2] 3 0.13
1 6 [2] 1 0.13
1 6 [2] 1 0.13
1 6 [2] 1 0.13
1 6 [2] 1 0.13
1 6 [2] 3 0.13
1 6 [2] 3 0.13
1 6 [2] 3 0.13
1 6 [2] 3 0.13
1 6 [2] 3 0.13
1 6 [2] 3 0.12
1 6 [2] 3 0.12
1 6 [2] 3 0.12
1 2 [3] 2 0.12
1 6 [2] 3 0.12
1 6 [2] 3 0.12
1 2 [3] 2 0.11
1 6 [2] 3 0.10
1 6 [2] 3 0.09
1 6 [2] 3 0.09
1 2 [3] 2 0.09
1 6 [2] 3 0.09
1 2 [3] 2 0.08
1 2 [3] 2 0.08
1 6 [2] 3 0.07
1 6 [2] 3 0.07
1 6 [2] 3 0.07
1 6 [2] 3 0.07
1 6 [2] 3 0.07
1 6 [2] 3 0.07
1 6 [2] 3 0.07
1 6 [2] 3 0.07
1 6 [2] 3 0.08
1 6 [2] 3 0.08
1 6 [2] 3 0.08
1 9 [0] 0 0.07
2 6 [2] 3 0.08
2 6 [2] 3 0.13
2 6 [2] 3 0.18
2 6 [2] 3 0.16
2 2 [3] 2 0.13
2 6 [2] 3 0.03
2 6 [2] 3 0.04
2 6 [2] 3 0.04
2 6 [2] 3 0.04
2 6 [2] 3 0.05
2 6 [2] 3 0.05
2 6 [2] 3 0.05
2 6 [2] 3 0.05
2 6 [2] 3 0.05
2 6 [2] 3 0.06
2 6 [2] 3 0.06
2 6 [2] 3 0.06
2 6 [2] 3 0.06
2 6 [2] 3 0.06
2 2 [3] 2 0.06
2 6 [2] 3 0.06
2 6 [2] 3 0.06
2 6 [2] 3 0.06
2 6 [2] 3 0.06
2 6 [2] 3 0.05
2 6 [2] 3 0.04
2 6 [2] 3 0.04
2 6 [2] 3 0.04
2 6 [2] 3 0.04
2 6 [2] 3 0.04
2 6 [2] 3 0.04
2 6 [2] 3 0.04
2 6 [2] 3 0.04
2 6 [2] 3 0.04
2 6 [2] 3 0.04
2 6 [2] 3 0.04
2 6 [2] 3 0.04
2 6 [2] 3 0.04
2 6 [2] 3 0.04
2 6 [2] 3 0.04
2 6 [2] 3 0.04
2 6 [2] 3 0.05
2 6 [2] 3 0.05
2 6 [2] 3 0.05
2 6 [2] 3 0.05
2 6 [2] 3 0.05
2 6 [2] 3 0.05
2 6 [2] 3 0.05
2 6 [2] 3 0.05
2 0 [0, 1, 3] 1 0.05
3 6 [2] 3 0.05
3 6 [2] 3 0.07
3 6 [2] 3 0.07
3 6 [2] 3 0.07
3 6 [2] 3 0.07
3 2 [3] 2 0.06
3 6 [2] 3 0.05
3 6 [2] 3 0.05
3 6 [2] 3 0.05
3 2 [3] 2 0.06
3 6 [2] 3 0.02
3 2 [3] 2 0.02
3 2 [3] 2 0.02
3 6 [2] 3 0.02
3 8 [0, 1] 0 0.01
4 6 [2] 3 0.03
4 6 [2] 3 0.04
4 6 [2] 3 0.02
4 6 [2] 3 0.03
4 6 [2] 3 0.04
4 6 [2] 3 0.04
4 2 [3] 2 0.05
4 6 [2] 3 0.02
4 6 [2] 3 0.02
4 6 [2] 3 0.02
4 6 [2] 3 0.02
4 9 [0] 3 0.02
4 6 [2] 3 0.02
4 4 [1, 2] 2 0.01
5 6 [2] 3 0.02
5 6 [2] 3 0.01
5 6 [2] 3 0.01
5 6 [2] 3 0.02
5 6 [2] 3 0.02
5 6 [2] 3 0.02
5 6 [2] 3 0.03
5 6 [2] 3 0.03
5 6 [2] 3 0.03
5 6 [2] 3 0.04
5 6 [2] 3 0.04
5 6 [2] 3 0.04
5 6 [2] 3 0.03
5 6 [2] 3 0.03
5 2 [3] 2 0.03
5 2 [3] 2 0.03
5 2 [3] 2 0.03
5 6 [2] 3 0.03
5 2 [3] 2 0.03
5 2 [3] 2 0.03
5 2 [3] 2 0.03
5 6 [2] 3 0.02
5 5 [0, 2, 3] 2 0.02
6 6 [2] 3 0.00
6 6 [2] 3 0.01
6 6 [2] 3 0.01
6 6 [2] 3 0.01
6 2 [3] 1 0.01
6 9 [0] 0 0.01
7 6 [2] 3 0.00
7 6 [2] 3 0.01
7 6 [2] 3 0.01
7 6 [2] 3 0.01
7 6 [2] 3 0.01
7 2 [3] 2 0.01
7 2 [3] 2 0.01
7 2 [3] 2 0.01
7 1 [1] 1 0.01
8 6 [2] 3 0.00
8 6 [2] 3 0.00
8 4 [1, 2] 2 0.00
9 6 [2] 3 0.14
9 2 [3] 1 0.01
9 2 [3] 1 0.01
9 6 [2] 3 0.01
9 6 [2] 3 0.01
9 6 [2] 2 0.01
10 9 [0] 3 0.01
10 1 [1] 0 0.01
10 2 [3] 1 0.01
10 9 [0] 3 0.01
10 9 [0] 3 0.01
10 2 [3] 1 0.01
10 9 [0] 3 0.01
10 7 [0, 3] 3 0.01
