Configuracao CGAN: 100latent_dim, 0.0001lr, 0.5b1, 0.999b2
FID para CGAN 50 epochs centralizada 0.95acc: 29.49
FID para CGAN 20 rodadas de 10 epocas 4 clientes niid 0.1alpha 0.7acc: 136.86
Rodada 1, FIDS: [420.91420750192634, 366.18924865846606, 416.07680169690985, 376.1540746448168, 423.53470119448906, 380.93599727639435, 386.40237501643475, 394.20061268533584, 379.1786412996941, 378.5365963168196], Tempo: 349.22349429130554
Rodada 2, FIDS: [309.17816383653303, 296.09888149851565, 310.6257234905643, 291.3249018510897, 330.94272301470704, 276.9504494758261, 281.6787831797931, 302.28236744144834, 304.9834289178435, 300.92792502535144], Tempo: 342.9806160926819
Rodada 1, FIDS: [415.7733253637175], Tempo: 641.5425479412079
Rodada 1, FIDS: [433.68061924379754], Tempo: 43.4751763343811
Rodada 2, FIDS: [433.5452140919708], Tempo: 39.85404825210571
Rodada 3, FIDS: [433.5330498896196], Tempo: 37.07818841934204
Rodada 4, FIDS: [433.7034682721068], Tempo: 36.77884793281555
Rodada 1, FIDS: [411.3613676211041, 352.64667345786177, 407.6927546986371, 364.44383183315335, 419.3206560056255, 372.65328631962694, 374.0072040331808, 381.7583053232323, 363.49766719388083, 366.64674068607786], Tempo: 324.08010363578796
Rodada 2, FIDS: [411.69858689281654, 353.15861628287814, 407.6247114882051, 364.7565984643507, 418.47122715318335, 373.19926400254747, 374.30908265771467, 382.0126559480533, 362.9833338343622, 366.68087992484504], Tempo: 308.9848732948303
Rodada 3, FIDS: [411.66738223794215, 353.11814905491616, 407.4639352245167, 364.03276036705194, 418.85061731787897, 373.0645609659632, 374.30469231561835, 382.15580823535004, 363.40689236005966, 366.82036094900275], Tempo: 307.5587065219879
Rodada 1, FIDS: [420.91420750192634, 366.18924865846606, 416.07680169690985, 376.1540746448168, 423.53470119448906, 380.93599727639435, 386.40237501643475, 394.20061268533584, 379.1786412996941, 378.5365963168196], Tempo: 366.5630922317505
Rodada 2, FIDS: [339.5764351321359, 299.94196128814906, 330.43621143475707, 312.7183788514618, 323.9443822077028, 317.3328367310878, 308.25982256795197, 327.5535929134043, 305.34885814053, 308.7818810471582], Tempo: 331.455974817276
Rodada 3, FIDS: [329.07159681315613, 294.8166838158536, 314.4887979664962, 294.9724306998691, 304.51269995727307, 297.3894512746131, 286.5424827573723, 310.77142955210076, 272.2807448984308, 283.9021264798741], Tempo: 330.25391960144043
Rodada 1, FIDS: [545.336380752073, 464.413956774654, 506.4063731179343, 478.91099876189554, 509.1712176428719, 472.1424725316222, 475.68844659230365, 485.6595785330224, 484.3533144366064, 467.2745750412172], Tempo: 252.73189759254456
Rodada 1, FIDS: [422.8940567099864, 377.6396305468967, 420.1449457342329, 383.26552653165527, 435.3995280134016, 392.711901352977, 392.0394105208625, 404.95146730299217, 380.56195155069895, 385.04004101794595], Tempo: 340.7785794734955
Rodada 2, FIDS: [374.96458268443325, 332.5022307869593, 371.7697659642847, 358.04531280595654, 351.1406240897146, 361.478279866471, 356.7193336051872, 362.5269201778335, 347.5405768198771, 349.6899370484414], Tempo: 294.3985595703125
Rodada 1, FIDS: [13.623234432090545, 22.172981553484217, 15.39971204284144, 15.89764456838614, 17.374352790848253, 16.37072136453267, 15.788865728976976, 18.260327793536476, 14.92643257101536, 17.224065645520728], Tempo: 34.45883822441101
Rodada 2, FIDS: [8.52745260302664, 15.355049059350971, 9.581453981718791, 9.873533449281675, 11.093748788142975, 10.111488227520818, 9.95594742498714, 11.987574510343642, 9.136663919989212, 11.001987137970806], Tempo: 32.77279233932495
Rodada 1, FIDS: [14.183360944685772, 22.435941763061276, 16.005002710859554, 17.443952726450963, 18.10111528022713, 17.558262431290668, 16.497147180083306, 18.326332690592597, 14.98831835458749, 17.280158430437886], Tempo: 40.32544279098511
Rodada 2, FIDS: [7.869168407815516, 14.50086542406524, 8.692243869330799, 9.782311612128254, 10.30849634322058, 9.693130732185997, 9.061211242501763, 10.967449725224899, 8.07531411542011, 10.244881566130386], Tempo: 38.241957902908325
Rodada 3, FIDS: [7.583976087588043, 13.10316684015065, 7.947529633274667, 9.274119317632733, 9.59209679898652, 8.64340724541487, 8.276739922295082, 10.33378078597757, 7.6822533817608445, 9.494392770268146], Tempo: 34.128607988357544
Rodada 4, FIDS: [9.582994423603623, 16.46214263459015, 10.591703318973485, 11.64816671171962, 12.306751559284237, 11.387298277031588, 10.881214559907363, 12.824312601920665, 9.724679991395227, 11.95963739938985], Tempo: 29.72271180152893
Rodada 1, FIDS: [14.172355882201957, 22.4455676404801, 16.010076733215616, 17.435147741895822, 18.09738195165805, 17.54544546793938, 16.494618843632182, 18.330134801867427, 14.97512566786888, 17.281140453095624], Tempo: 8.489235401153564
Rodada 2, FIDS: [6.081148843796109, 11.06695407165844, 6.310568633394901, 7.3485532395253195, 7.497774343330071, 6.872367912717507, 6.740913918816337, 8.210965005072403, 6.086382934109835, 7.726584621689127], Tempo: 3.193718910217285
Rodada 3, FIDS: [8.15010650743945, 13.97170179128032, 8.483876726737916, 9.768706809442946, 10.192024614746774, 9.563234735104809, 8.953985342462756, 10.663819928751622, 8.147006112266334, 10.370595940062296], Tempo: 3.3366360664367676
Rodada 4, FIDS: [10.52907402598636, 17.592078449280056, 11.537804123410549, 12.676364565297911, 13.23068619426995, 12.499440416948463, 11.808329938595826, 13.949751835651522, 10.785007695401863, 12.982533150339616], Tempo: 3.232530355453491
Rodada 1, FIDS: [421.0654612231715, 369.1525065971995, 415.55163201131427, 375.47920623095496, 425.2540591092519, 380.12600196025164, 385.59910433985095, 395.91979797049174, 378.86925112939366, 380.9697068543234], Tempo: 204.2090241909027
Rodada 2, FIDS: [343.2782669930872, 380.0814708683922, 330.20278444020096, 286.34795081070564, 350.3380641506576, 303.38519011082843, 299.7357958982186, 358.33063224534897, 285.16504465379177, 301.57385787971253], Tempo: 204.46544098854065
Rodada 3, FIDS: [376.1825641123737, 316.274822762245, 342.762880440632, 299.5541287255992, 357.71035000569253, 328.8745559972595, 330.1599134235191, 352.2545721631205, 267.56256676954035, 319.8785199588523], Tempo: 211.03582000732422
Rodada 1, FIDS: [412.2786947788317, 356.1773486024959, 407.04079595320684, 363.99095334932497, 420.431310031735, 372.7278710403056, 373.5098875670858, 382.74875443182253, 363.1135626507964, 368.355678159925], Tempo: 179.0119824409485
Rodada 2, FIDS: [372.7901636067682, 342.50855216687745, 374.6550211440646, 355.8505458871857, 375.1211086614011, 348.10423738932377, 346.01718657414006, 370.181526480712, 334.63484753344284, 355.147389933936], Tempo: 178.49960899353027
Rodada 3, FIDS: [307.82241355949157, 383.51166895220496, 375.0371886983584, 287.909759414102, 351.95799698702353, 272.920285954581, 319.0207239933563, 367.56159798775377, 255.27751151484733, 311.2822387206485], Tempo: 183.44490432739258
Rodada 4, FIDS: [353.00430186229, 384.316635455711, 307.81458231372517, 277.4602239869872, 338.0505120768009, 307.53546157538034, 297.2975303098923, 389.21335395568235, 269.37581803643087, 305.04813064438974], Tempo: 181.76872968673706
Rodada 5, FIDS: [383.71810810475193, 279.50334218543026, 295.4571455804208, 284.89065246183355, 343.2993687874306, 331.21775423784123, 323.48459039831863, 333.04039838310297, 278.0485608339279, 278.96505196952535], Tempo: 219.67176294326782
Rodada 6, FIDS: [316.85777537777096, 296.78441954804396, 300.84810530844356, 252.60861228137315, 249.35755086851347, 262.11965164695306, 248.1030007618483, 322.7832317720996, 258.8393782115144, 260.6480180833411], Tempo: 187.906001329422
Rodada 1, FIDS: [412.2786947788317, 356.1773486024959, 407.04079595320684, 363.99095334932497, 420.431310031735, 372.7278710403056, 373.5098875670858, 382.74875443182253, 363.1135626507964, 368.355678159925], Tempo: 176.22633051872253
Rodada 2, FIDS: [364.4472231322137, 372.6145248451603, 402.4740311688929, 359.4754850120089, 415.8499940168792, 359.57493415364866, 339.57652651996125, 390.16492737935266, 352.55785470120503, 360.09162206356206], Tempo: 177.9358742237091
Rodada 3, FIDS: [353.24719058354134, 386.0364806423803, 434.51116036993994, 345.8311953680859, 389.7005007978856, 356.84440194145736, 327.0915116367372, 397.7412220316182, 342.2688501278015, 359.0561184227347], Tempo: 176.9819769859314
Rodada 4, FIDS: [299.10433355669096, 273.0033705283078, 269.3700416779462, 227.86447711378685, 235.70898327409304, 256.86228810833103, 247.76853419148338, 281.44311593010366, 222.05953444505124, 221.38349611723393], Tempo: 209.26607871055603
