1 3 [1] 1 0.00
2 3 [1] 0 0.05
2 4 [1] 0 0.09
2 3 [1] 0 0.12
2 8 [3] 0 0.16
2 7 [3] 0 0.18
2 7 [3] 0 0.20
2 9 [1] 0 0.20
2 9 [1] 0 0.22
2 4 [1] 0 0.23
2 1 [0] 0 0.04
3 6 [0] 0 0.00
4 5 [2] 2 0.00
5 1 [0] 0 0.00
6 5 [2] 1 0.07
6 1 [0] 1 0.10
6 5 [2] 1 0.12
6 1 [0] 1 0.15
6 1 [0] 1 0.18
6 2 [0] 1 0.16
6 2 [0] 1 0.18
6 3 [1] 1 0.04
7 1 [0] 0 0.00
8 8 [3] 2 0.01
8 8 [3] 2 0.01
8 9 [1] 1 0.01
9 2 [0] 3 0.01
9 9 [1] 3 0.02
9 9 [1] 3 0.03
9 2 [0] 3 0.04
9 6 [0] 3 0.04
9 6 [0] 3 0.05
9 9 [1] 3 0.06
9 6 [0] 3 0.07
9 9 [1] 3 0.07
9 9 [1] 3 0.08
9 9 [1] 3 0.08
9 6 [0] 3 0.06
10 8 [3] 3 0.00
