1 9 [2] 1 0.14
1 9 [2] 1 0.18
1 9 [2] 1 0.07
1 7 [0] 3 0.07
1 8 [0] 3 0.08
1 5 [1] 2 0.10
1 8 [0] 3 0.11
1 6 [0] 3 0.11
1 6 [0] 3 0.12
1 6 [0] 3 0.13
1 7 [0] 3 0.14
1 9 [2] 1 0.14
1 9 [2] 1 0.13
1 9 [2] 1 0.14
1 9 [2] 1 0.14
1 1 [3] 2 0.05
1 1 [3] 2 0.05
1 1 [3] 2 0.05
1 6 [0] 0 0.01
2 8 [0] 0 0.00
3 4 [1] 1 0.00
4 9 [2] 2 0.00
5 8 [0] 0 0.00
6 0 [1] 1 0.00
7 2 [3] 3 0.00
8 3 [2] 2 0.00
9 1 [3] 3 0.00
10 4 [1] 1 0.00
11 1 [3] 3 0.00
12 9 [2] 2 0.00
13 6 [0] 0 0.00
14 0 [1] 1 0.00
15 0 [1] 1 0.00
16 8 [0] 0 0.00
17 4 [1] 2 0.00
17 1 [3] 3 0.00
18 7 [0] 3 0.03
18 8 [0] 3 0.04
18 0 [1] 1 0.00
19 6 [0] 0 0.00
20 1 [3] 3 0.00
21 8 [0] 0 0.00
22 7 [0] 0 0.00
23 2 [3] 3 0.00
24 3 [2] 2 0.00
25 4 [1] 1 0.00
26 9 [2] 2 0.00
27 4 [1] 1 0.00
28 7 [0] 0 0.00
29 6 [0] 0 0.00
30 2 [3] 3 0.00
31 7 [0] 0 0.00
32 0 [1] 1 0.00
33 0 [1] 1 0.00
34 3 [2] 2 0.00
35 1 [3] 3 0.00
36 8 [0] 0 0.00
37 3 [2] 2 0.00
38 6 [0] 0 0.00
39 9 [2] 2 0.00
40 2 [3] 3 0.00
41 2 [3] 3 0.00
42 1 [3] 3 0.00
43 5 [1] 1 0.00
44 5 [1] 1 0.00
45 9 [2] 2 0.00
46 6 [0] 0 0.00
47 3 [2] 0 0.00
47 9 [2] 2 0.00
48 9 [2] 2 0.00
49 4 [1] 1 0.00
50 4 [1] 1 0.00
51 4 [1] 1 0.00
52 8 [0] 0 0.00
53 3 [2] 2 0.00
54 3 [2] 2 0.00
55 5 [1] 1 0.00
56 2 [3] 3 0.00
57 5 [1] 1 0.00
58 5 [1] 1 0.00
59 4 [1] 1 0.00
60 8 [0] 0 0.00
61 2 [3] 3 0.00
62 6 [0] 0 0.00
63 6 [0] 0 0.00
64 8 [0] 0 0.00
65 5 [1] 1 0.00
66 2 [3] 3 0.00
67 1 [3] 3 0.00
68 7 [0] 0 0.00
69 1 [3] 3 0.00
70 3 [2] 2 0.00
71 9 [2] 2 0.00
72 2 [3] 3 0.00
73 4 [1] 1 0.00
74 1 [3] 3 0.00
75 6 [0] 0 0.00
76 1 [3] 3 0.00
77 6 [0] 0 0.00
78 7 [0] 0 0.00
79 0 [1] 1 0.00
80 1 [3] 3 0.00
81 1 [3] 3 0.00
82 6 [0] 0 0.00
83 4 [1] 1 0.00
84 7 [0] 0 0.00
85 1 [3] 3 0.00
86 7 [0] 0 0.00
87 3 [2] 2 0.00
88 3 [2] 2 0.00
89 3 [2] 2 0.00
90 8 [0] 0 0.00
91 7 [0] 0 0.00
92 3 [2] 2 0.00
93 4 [1] 1 0.00
94 6 [0] 0 0.00
95 6 [0] 0 0.00
96 9 [2] 2 0.00
97 3 [2] 2 0.00
98 7 [0] 0 0.00
99 9 [2] 2 0.00
100 3 [2] 2 0.00