1 3 [2] 1 1.00
1 9 [2] 1 0.29
1 3 [2] 1 0.30
1 9 [2] 1 0.36
1 3 [2] 1 0.28
1 9 [2] 1 0.16
1 9 [2] 1 0.16
1 7 [0] 3 0.13
1 8 [0] 3 0.15
1 8 [0] 3 0.15
1 3 [2] 1 0.08
1 3 [2] 1 0.08
1 3 [2] 1 0.08
1 3 [2] 1 0.09
1 3 [2] 1 0.09
1 8 [0] 3 0.06
1 8 [0] 3 0.06
1 7 [0] 3 0.07
1 7 [0] 3 0.07
1 8 [0] 3 0.07
1 8 [0] 3 0.07
1 3 [2] 1 0.05
1 3 [2] 1 0.06
1 9 [2] 1 0.06
1 3 [2] 1 0.06
1 3 [2] 1 0.06
1 6 [0] 0 0.01
2 8 [0] 0 0.00
3 4 [1] 1 0.00
4 9 [2] 2 0.00
5 8 [0] 0 0.00
6 0 [1] 1 0.00
7 2 [3] 3 0.00
8 3 [2] 2 0.00
9 1 [3] 3 0.00
10 4 [1] 1 0.00
11 1 [3] 3 0.00
12 9 [2] 2 0.00
13 6 [0] 0 0.00
14 0 [1] 1 0.00
15 0 [1] 1 0.00
16 8 [0] 0 0.00
17 1 [3] 3 0.00
18 0 [1] 1 0.00
19 4 [1] 2 0.01
19 3 [2] 1 0.01
19 3 [2] 1 0.01
19 6 [0] 0 0.00
20 1 [3] 3 0.00
21 8 [0] 0 0.00
22 7 [0] 0 0.00
23 2 [3] 3 0.00
24 3 [2] 2 0.00
25 4 [1] 1 0.00
26 9 [2] 2 0.00
27 0 [1] 0 0.00
27 0 [1] 0 0.00
27 0 [1] 0 0.00
27 0 [1] 0 0.00
27 4 [1] 1 0.00
28 7 [0] 0 0.00
29 6 [0] 0 0.00
30 2 [3] 3 0.00
31 7 [0] 0 0.00
32 0 [1] 1 0.00
33 0 [1] 1 0.00
34 3 [2] 2 0.00
35 1 [3] 3 0.00
36 8 [0] 0 0.00
37 3 [2] 0 0.00
37 3 [2] 2 0.00
38 6 [0] 0 0.00
39 9 [2] 2 0.00
40 2 [3] 3 0.00
41 2 [3] 3 0.00
42 1 [3] 3 0.00
43 5 [1] 1 0.00
44 5 [1] 1 0.00
45 9 [2] 2 0.00
46 6 [0] 0 0.00
47 9 [2] 2 0.00
48 9 [2] 2 0.00
49 8 [0] 3 0.00
49 2 [3] 3 0.00
50 7 [0] 0 0.00
51 1 [3] 3 0.00
52 5 [1] 1 0.00
53 8 [0] 0 0.00
54 8 [0] 3 0.00
54 8 [0] 0 0.00
55 7 [0] 0 0.00
56 4 [1] 1 0.00
57 7 [0] 0 0.00
58 6 [0] 0 0.00
59 0 [1] 1 0.00
60 5 [1] 1 0.00
61 3 [2] 2 0.00
62 8 [0] 3 0.00
62 2 [3] 0 0.00
62 2 [3] 0 0.00
62 1 [3] 0 0.00
62 2 [3] 0 0.00
62 1 [3] 3 0.00
63 6 [0] 0 0.00
64 5 [1] 1 0.00
65 7 [0] 0 0.00
66 4 [1] 1 0.00
67 2 [3] 3 0.00
68 3 [2] 2 0.00
69 8 [0] 0 0.00
70 6 [0] 0 0.00
71 3 [2] 2 0.00
72 3 [2] 2 0.00
73 5 [1] 1 0.00
74 6 [0] 0 0.00
75 8 [0] 0 0.00
76 5 [1] 1 0.00
77 2 [3] 3 0.00
78 6 [0] 0 0.00
79 4 [1] 1 0.00
80 5 [1] 1 0.00
81 0 [1] 1 0.00
82 5 [1] 1 0.00
83 5 [1] 1 0.00
84 7 [0] 0 0.00
85 8 [0] 0 0.00
86 8 [0] 0 0.00
87 5 [1] 1 0.00
88 5 [1] 1 0.00
89 4 [1] 1 0.00
90 8 [0] 0 0.00
91 5 [1] 1 0.00
92 0 [1] 1 0.00
93 1 [3] 3 0.00
94 6 [0] 0 0.00
95 2 [3] 3 0.00
96 5 [1] 1 0.00
97 6 [0] 0 0.00
98 5 [1] 1 0.00
99 1 [3] 3 0.00
100 2 [3] 3 0.00
