1 3 [0, 1, 2] 3 0.25
1 1 [2, 3] 1 0.40
1 1 [2, 3] 1 0.38
1 1 [2, 3] 1 0.36
1 3 [0, 1, 2] 3 0.24
1 3 [0, 1, 2] 3 0.22
1 1 [2, 3] 1 0.14
1 1 [2, 3] 1 0.13
1 2 [0, 2, 3] 1 0.14
1 2 [0, 2, 3] 1 0.13
1 3 [0, 1, 2] 3 0.09
1 6 [2, 3] 1 0.09
1 6 [2, 3] 1 0.10
1 1 [2, 3] 1 0.10
1 6 [2, 3] 1 0.07
1 6 [2, 3] 1 0.07
1 8 [1] 0 0.07
1 6 [2, 3] 1 0.07
1 5 [0, 3] 1 0.07
1 8 [1] 2 0.06
1 7 [1, 3] 2 0.06
1 8 [1] 2 0.06
1 7 [1, 3] 2 0.07
1 5 [0, 3] 2 0.07
1 5 [0, 3] 2 0.07
1 8 [1] 2 0.07
1 7 [1, 3] 2 0.07
1 5 [0, 3] 2 0.08
1 5 [0, 3] 2 0.08
1 0 [0, 1, 3] 2 0.08
1 8 [1] 2 0.08
1 8 [1] 0 0.08
1 8 [1] 0 0.08
1 7 [1, 3] 2 0.08
1 8 [1] 0 0.08
1 7 [1, 3] 2 0.08
1 7 [1, 3] 2 0.08
1 4 [0, 2, 3] 1 0.08
1 2 [0, 2, 3] 1 0.08
1 8 [1] 3 0.09
1 5 [0, 3] 1 0.08
1 6 [2, 3] 1 0.08
1 6 [2, 3] 1 0.08
1 1 [2, 3] 1 0.09
1 8 [1] 3 0.09
1 8 [1] 3 0.09
1 8 [1] 3 0.08
1 8 [1] 3 0.08
1 8 [1] 3 0.08
1 8 [1] 3 0.08
1 8 [1] 3 0.08
1 6 [2, 3] 1 0.08
1 7 [1, 3] 2 0.07
1 7 [1, 3] 2 0.07
1 7 [1, 3] 2 0.08
1 1 [2, 3] 1 0.08
1 1 [2, 3] 1 0.08
1 7 [1, 3] 2 0.08
1 8 [1] 0 0.07
1 8 [1] 0 0.07
1 8 [1] 0 0.07
1 8 [1] 3 0.07
1 8 [1] 3 0.07
1 8 [1] 3 0.07
1 8 [1] 3 0.07
1 8 [1] 3 0.07
1 4 [0, 2, 3] 1 0.07
1 8 [1] 3 0.07
1 8 [1] 3 0.07
1 6 [2, 3] 1 0.07
1 2 [0, 2, 3] 1 0.08
1 8 [1] 2 0.08
1 8 [1] 2 0.08
1 5 [0, 3] 2 0.08
1 8 [1] 2 0.08
1 0 [0, 1, 3] 2 0.08
1 0 [0, 1, 3] 2 0.08
1 5 [0, 3] 2 0.08
1 8 [1] 2 0.08
1 5 [0, 3] 2 0.08
1 8 [1] 3 0.08
1 8 [1] 3 0.08
1 8 [1] 2 0.09
1 8 [1] 2 0.09
1 8 [1] 3 0.09
1 8 [1] 3 0.09
1 4 [0, 2, 3] 1 0.09
1 2 [0, 2, 3] 1 0.09
1 4 [0, 2, 3] 1 0.09
1 6 [2, 3] 1 0.09
1 4 [0, 2, 3] 1 0.09
1 1 [2, 3] 1 0.09
1 1 [2, 3] 1 0.09
1 6 [2, 3] 1 0.09
1 1 [2, 3] 1 0.09
1 1 [2, 3] 1 0.09
1 1 [2, 3] 1 0.09
1 6 [2, 3] 1 0.10
1 4 [0, 2, 3] 1 0.10
1 1 [2, 3] 1 0.10
1 6 [2, 3] 1 0.10
1 4 [0, 2, 3] 1 0.10
1 5 [0, 3] 1 0.10
1 1 [2, 3] 1 0.10
1 4 [0, 2, 3] 1 0.10
1 7 [1, 3] 2 0.10
1 5 [0, 3] 1 0.10
1 8 [1] 0 0.10
1 8 [1] 0 0.10
1 8 [1] 0 0.10
1 8 [1] 0 0.10
1 8 [1] 0 0.10
1 7 [1, 3] 2 0.10
1 7 [1, 3] 0 0.10
1 7 [1, 3] 0 0.10
1 7 [1, 3] 0 0.10
1 8 [1] 0 0.10
1 2 [0, 2, 3] 1 0.11
1 2 [0, 2, 3] 1 0.11
1 6 [2, 3] 1 0.11
1 2 [0, 2, 3] 1 0.11
1 6 [2, 3] 1 0.11
1 8 [1] 0 0.11
1 7 [1, 3] 2 0.11
1 5 [0, 3] 1 0.11
1 8 [1] 3 0.11
1 6 [2, 3] 1 0.10
1 6 [2, 3] 1 0.10
1 6 [2, 3] 1 0.10
1 8 [1] 3 0.08
1 8 [1] 3 0.08
1 8 [1] 3 0.08
1 4 [0, 2, 3] 0 0.07
2 8 [1] 3 0.02
2 8 [1] 3 0.04
2 8 [1] 3 0.00
2 8 [1] 3 0.01
2 8 [1] 3 0.01
2 8 [1] 3 0.01
2 8 [1] 3 0.01
2 8 [1] 3 0.01
2 8 [1] 3 0.01
2 8 [1] 3 0.01
2 8 [1] 3 0.01
2 5 [0, 3] 1 0.01
2 5 [0, 3] 1 0.01
2 1 [2, 3] 1 0.02
2 6 [2, 3] 1 0.01
2 7 [1, 3] 2 0.01
2 8 [1] 0 0.01
2 6 [2, 3] 1 0.01
2 4 [0, 2, 3] 0 0.01
3 4 [0, 2, 3] 0 0.00
4 6 [2, 3] 2 0.00
5 5 [0, 3] 1 0.00
5 5 [0, 3] 1 0.00
5 8 [1] 3 0.00
5 7 [1, 3] 1 0.00
6 8 [1] 3 0.00
6 2 [0, 2, 3] 2 0.00
7 1 [2, 3] 1 0.00
7 4 [0, 2, 3] 3 0.00
8 8 [1] 3 0.00
8 7 [1, 3] 1 0.00
9 5 [0, 3] 1 0.01
9 5 [0, 3] 1 0.03
9 4 [0, 2, 3] 1 0.04
9 6 [2, 3] 1 0.05
9 6 [2, 3] 1 0.06
9 5 [0, 3] 1 0.01
9 5 [0, 3] 1 0.01
9 2 [0, 2, 3] 1 0.01
9 4 [0, 2, 3] 0 0.00
10 8 [1] 3 0.00
10 5 [0, 3] 1 0.00
10 6 [2, 3] 3 0.00
11 8 [1] 3 0.08
11 8 [1] 3 0.12
11 2 [0, 2, 3] 2 0.00
12 3 [0, 1, 2] 3 0.00
12 5 [0, 3] 1 0.00
12 6 [2, 3] 1 0.00
12 6 [2, 3] 1 0.00
12 6 [2, 3] 1 0.00
12 6 [2, 3] 1 0.00
12 0 [0, 1, 3] 1 0.00
13 5 [0, 3] 1 0.00
13 5 [0, 3] 1 0.01
13 5 [0, 3] 1 0.01
13 1 [2, 3] 1 0.01
13 8 [1] 3 0.01
13 8 [1] 3 0.01
13 8 [1] 3 0.01
13 8 [1] 3 0.01
13 7 [1, 3] 3 0.00
14 4 [0, 2, 3] 1 0.01
14 1 [2, 3] 1 0.02
14 6 [2, 3] 1 0.01
14 6 [2, 3] 1 0.00
14 6 [2, 3] 1 0.00
14 5 [0, 3] 1 0.00
14 6 [2, 3] 1 0.01
14 5 [0, 3] 1 0.01
14 5 [0, 3] 1 0.01
14 5 [0, 3] 0 0.00
15 6 [2, 3] 1 0.00
15 6 [2, 3] 1 0.00
15 7 [1, 3] 2 0.00
15 6 [2, 3] 1 0.00
15 5 [0, 3] 1 0.00
15 7 [1, 3] 2 0.01
15 2 [0, 2, 3] 1 0.00
15 6 [2, 3] 3 0.00
16 6 [2, 3] 1 0.00
16 6 [2, 3] 1 0.00
16 2 [0, 2, 3] 1 0.00
16 5 [0, 3] 1 0.00
16 6 [2, 3] 1 0.01
16 5 [0, 3] 1 0.01
16 4 [0, 2, 3] 1 0.01
16 5 [0, 3] 1 0.00
16 7 [1, 3] 2 0.01
16 7 [1, 3] 2 0.01
16 7 [1, 3] 2 0.01
16 7 [1, 3] 2 0.01
16 8 [1] 3 0.01
16 8 [1] 3 0.01
16 8 [1] 3 0.01
16 8 [1] 3 0.01
17 8 [1] 3 0.01
17 6 [2, 3] 1 0.01
17 6 [2, 3] 1 0.01
17 7 [1, 3] 2 0.01
17 1 [2, 3] 1 0.01
17 1 [2, 3] 1 0.01
17 5 [0, 3] 1 0.01
17 8 [1] 3 0.01
17 4 [0, 2, 3] 1 0.01
17 8 [1] 3 0.01
17 7 [1, 3] 1 0.01
18 7 [1, 3] 2 0.00
18 7 [1, 3] 2 0.01
18 6 [2, 3] 1 0.01
18 5 [0, 3] 1 0.01
18 6 [2, 3] 1 0.01
18 6 [2, 3] 1 0.01
18 8 [1] 3 0.01
18 8 [1] 3 0.01
18 8 [1] 3 0.01
18 1 [2, 3] 1 0.01
18 1 [2, 3] 1 0.01
18 2 [0, 2, 3] 1 0.02
18 6 [2, 3] 1 0.02
18 6 [2, 3] 1 0.02
18 2 [0, 2, 3] 1 0.02
18 2 [0, 2, 3] 1 0.02
18 6 [2, 3] 1 0.02
18 6 [2, 3] 1 0.02
18 1 [2, 3] 1 0.03
18 2 [0, 2, 3] 1 0.03
18 7 [1, 3] 2 0.03
18 8 [1] 0 0.03
18 8 [1] 0 0.03
18 8 [1] 0 0.03
18 8 [1] 0 0.03
18 7 [1, 3] 2 0.02
18 7 [1, 3] 2 0.01
18 5 [0, 3] 1 0.02
18 8 [1] 1 0.01
19 4 [0, 2, 3] 1 0.00
19 6 [2, 3] 1 0.00
19 5 [0, 3] 1 0.00
19 5 [0, 3] 1 0.01
19 5 [0, 3] 1 0.01
19 5 [0, 3] 1 0.01
19 5 [0, 3] 1 0.01
19 5 [0, 3] 1 0.01
19 5 [0, 3] 1 0.01
19 7 [1, 3] 2 0.01
19 7 [1, 3] 2 0.01
19 5 [0, 3] 1 0.01
19 7 [1, 3] 2 0.01
19 4 [0, 2, 3] 3 0.01
20 6 [2, 3] 1 0.03
20 6 [2, 3] 1 0.06
20 5 [0, 3] 1 0.08
20 6 [2, 3] 1 0.01
20 6 [2, 3] 1 0.01
20 7 [1, 3] 2 0.01
20 7 [1, 3] 2 0.01
20 6 [2, 3] 1 0.01
20 7 [1, 3] 2 0.01
20 5 [0, 3] 1 0.01
20 8 [1] 0 0.01
20 7 [1, 3] 2 0.01
20 7 [1, 3] 2 0.01
20 5 [0, 3] 1 0.01
20 6 [2, 3] 1 0.01
20 5 [0, 3] 1 0.01
20 6 [2, 3] 1 0.01
20 5 [0, 3] 1 0.01
20 7 [1, 3] 2 0.01
20 6 [2, 3] 1 0.01
20 0 [0, 1, 3] 0 0.01
21 5 [0, 3] 1 0.01
21 7 [1, 3] 2 0.01
21 5 [0, 3] 1 0.02
21 5 [0, 3] 1 0.02
21 8 [1] 3 0.02
21 7 [1, 3] 2 0.02
21 2 [0, 2, 3] 1 0.02
21 7 [1, 3] 2 0.01
21 8 [1] 3 0.01
21 6 [2, 3] 1 0.01
21 6 [2, 3] 1 0.01
21 5 [0, 3] 1 0.01
21 8 [1] 3 0.01
21 7 [1, 3] 2 0.01
21 8 [1] 3 0.01
21 7 [1, 3] 2 0.01
21 7 [1, 3] 2 0.01
21 5 [0, 3] 1 0.01
21 5 [0, 3] 1 0.01
21 5 [0, 3] 1 0.01
21 5 [0, 3] 1 0.01
21 5 [0, 3] 1 0.01
21 8 [1] 0 0.02
21 8 [1] 0 0.02
21 2 [0, 2, 3] 1 0.02
21 7 [1, 3] 2 0.02
21 8 [1] 3 0.02
21 7 [1, 3] 2 0.02
21 6 [2, 3] 1 0.02
21 5 [0, 3] 1 0.02
21 7 [1, 3] 2 0.02
21 2 [0, 2, 3] 1 0.02
21 6 [2, 3] 1 0.02
21 7 [1, 3] 2 0.02
21 6 [2, 3] 1 0.02
21 6 [2, 3] 1 0.02
21 7 [1, 3] 1 0.02
22 8 [1] 3 0.00
22 7 [1, 3] 2 0.01
22 7 [1, 3] 2 0.01
22 6 [2, 3] 1 0.01
22 6 [2, 3] 1 0.01
22 2 [0, 2, 3] 1 0.01
22 4 [0, 2, 3] 1 0.02
22 4 [0, 2, 3] 1 0.02
22 8 [1] 3 0.02
22 4 [0, 2, 3] 1 0.01
22 1 [2, 3] 1 0.01
22 1 [2, 3] 1 0.02
22 5 [0, 3] 1 0.02
22 6 [2, 3] 1 0.01
22 8 [1] 3 0.02
22 7 [1, 3] 2 0.02
22 7 [1, 3] 2 0.02
22 6 [2, 3] 1 0.02
22 7 [1, 3] 2 0.02
22 7 [1, 3] 2 0.02
22 7 [1, 3] 2 0.02
22 7 [1, 3] 2 0.02
22 7 [1, 3] 2 0.02
22 8 [1] 0 0.02
22 4 [0, 2, 3] 1 0.02
22 4 [0, 2, 3] 1 0.02
22 5 [0, 3] 1 0.02
22 6 [2, 3] 1 0.02
22 8 [1] 3 0.02
22 1 [2, 3] 1 0.02
22 8 [1] 3 0.02
22 8 [1] 3 0.02
22 8 [1] 3 0.02
22 5 [0, 3] 1 0.02
22 5 [0, 3] 1 0.02
22 6 [2, 3] 1 0.02
22 8 [1] 3 0.02
22 5 [0, 3] 0 0.02
23 6 [2, 3] 1 0.03
23 6 [2, 3] 1 0.01
23 5 [0, 3] 1 0.01
23 7 [1, 3] 2 0.01
23 7 [1, 3] 2 0.01
23 4 [0, 2, 3] 1 0.01
23 5 [0, 3] 1 0.01
23 5 [0, 3] 1 0.02
23 5 [0, 3] 1 0.01
23 6 [2, 3] 1 0.02
23 7 [1, 3] 2 0.02
23 8 [1] 3 0.02
23 1 [2, 3] 1 0.02
23 7 [1, 3] 2 0.02
23 7 [1, 3] 2 0.02
23 8 [1] 3 0.02
23 7 [1, 3] 2 0.02
23 7 [1, 3] 2 0.02
23 8 [1] 3 0.02
23 5 [0, 3] 1 0.02
23 5 [0, 3] 1 0.02
23 5 [0, 3] 1 0.02
23 2 [0, 2, 3] 1 0.02
23 7 [1, 3] 2 0.02
23 7 [1, 3] 2 0.02
23 5 [0, 3] 1 0.02
23 6 [2, 3] 1 0.02
23 7 [1, 3] 2 0.02
23 6 [2, 3] 1 0.02
23 7 [1, 3] 2 0.02
23 5 [0, 3] 1 0.02
23 2 [0, 2, 3] 2 0.02
24 8 [1] 0 0.01
24 8 [1] 3 0.01
24 8 [1] 3 0.01
24 8 [1] 3 0.02
24 5 [0, 3] 1 0.02
24 7 [1, 3] 2 0.02
24 6 [2, 3] 1 0.01
24 5 [0, 3] 1 0.01
24 5 [0, 3] 1 0.01
24 5 [0, 3] 1 0.01
24 5 [0, 3] 1 0.01
24 4 [0, 2, 3] 1 0.02
24 6 [2, 3] 1 0.02
24 7 [1, 3] 2 0.01
24 7 [1, 3] 2 0.01
24 6 [2, 3] 1 0.01
24 6 [2, 3] 1 0.01
24 1 [2, 3] 1 0.02
24 2 [0, 2, 3] 1 0.02
24 6 [2, 3] 1 0.02
24 4 [0, 2, 3] 1 0.02
24 6 [2, 3] 1 0.02
24 5 [0, 3] 1 0.02
24 6 [2, 3] 1 0.01
24 2 [0, 2, 3] 1 0.02
24 1 [2, 3] 1 0.02
24 8 [1] 3 0.02
24 7 [1, 3] 2 0.02
24 7 [1, 3] 2 0.02
24 1 [2, 3] 1 0.02
24 8 [1] 0 0.02
24 1 [2, 3] 3 0.02
25 5 [0, 3] 1 0.01
25 5 [0, 3] 1 0.01
25 6 [2, 3] 1 0.02
25 2 [0, 2, 3] 1 0.02
25 6 [2, 3] 1 0.02
25 2 [0, 2, 3] 1 0.02
25 7 [1, 3] 2 0.02
25 7 [1, 3] 2 0.02
25 7 [1, 3] 2 0.02
25 7 [1, 3] 2 0.03
25 6 [2, 3] 1 0.02
25 6 [2, 3] 1 0.03
25 6 [2, 3] 1 0.02
25 8 [1] 0 0.02
25 5 [0, 3] 1 0.02
25 6 [2, 3] 1 0.02
25 6 [2, 3] 1 0.02
25 4 [0, 2, 3] 1 0.02
25 4 [0, 2, 3] 1 0.03
25 1 [2, 3] 1 0.03
25 7 [1, 3] 2 0.03
25 7 [1, 3] 2 0.03
25 8 [1] 0 0.02
25 2 [0, 2, 3] 1 0.02
25 7 [1, 3] 2 0.02
25 7 [1, 3] 2 0.03
25 6 [2, 3] 1 0.02
25 7 [1, 3] 2 0.02
25 7 [1, 3] 2 0.02
25 8 [1] 0 0.02
25 7 [1, 3] 2 0.02
25 8 [1] 3 0.02
25 7 [1, 3] 2 0.02
25 1 [2, 3] 0 0.02
25 7 [1, 3] 2 0.02
25 7 [1, 3] 2 0.02
25 7 [1, 3] 2 0.02
25 7 [1, 3] 2 0.02
25 7 [1, 3] 2 0.02
25 7 [1, 3] 2 0.02
25 7 [1, 3] 2 0.02
25 7 [1, 3] 2 0.02
25 4 [0, 2, 3] 1 0.03
25 7 [1, 3] 2 0.02
25 7 [1, 3] 2 0.02
25 6 [2, 3] 1 0.02
25 7 [1, 3] 2 0.02
25 7 [1, 3] 2 0.03
25 7 [1, 3] 2 0.03
25 0 [0, 1, 3] 0 0.02
26 6 [2, 3] 1 0.03
26 8 [1] 0 0.01
26 6 [2, 3] 1 0.01
26 6 [2, 3] 1 0.01
26 6 [2, 3] 1 0.02
26 8 [1] 3 0.02
26 8 [1] 3 0.02
26 7 [1, 3] 2 0.02
26 7 [1, 3] 2 0.02
26 4 [0, 2, 3] 1 0.02
26 4 [0, 2, 3] 1 0.02
26 6 [2, 3] 1 0.02
26 8 [1] 3 0.02
26 7 [1, 3] 2 0.02
26 5 [0, 3] 1 0.02
26 5 [0, 3] 1 0.02
26 8 [1] 3 0.02
26 8 [1] 3 0.02
26 7 [1, 3] 2 0.02
26 0 [0, 1, 3] 2 0.02
26 8 [1] 3 0.02
26 7 [1, 3] 2 0.02
26 7 [1, 3] 2 0.02
26 2 [0, 2, 3] 1 0.02
26 6 [2, 3] 1 0.02
26 7 [1, 3] 2 0.03
26 6 [2, 3] 1 0.03
26 5 [0, 3] 1 0.03
26 6 [2, 3] 1 0.03
26 8 [1] 3 0.03
26 7 [1, 3] 2 0.03
26 5 [0, 3] 1 0.03
26 5 [0, 3] 1 0.03
26 5 [0, 3] 1 0.03
26 1 [2, 3] 1 0.03
26 7 [1, 3] 2 0.03
26 5 [0, 3] 1 0.03
26 5 [0, 3] 1 0.03
26 5 [0, 3] 1 0.03
26 7 [1, 3] 2 0.03
26 7 [1, 3] 2 0.03
26 7 [1, 3] 2 0.03
26 7 [1, 3] 2 0.03
26 1 [2, 3] 1 0.03
26 8 [1] 0 0.03
26 8 [1] 0 0.03
26 8 [1] 0 0.03
26 6 [2, 3] 1 0.03
26 7 [1, 3] 2 0.03
26 7 [1, 3] 2 0.03
26 8 [1] 3 0.03
26 8 [1] 3 0.03
26 6 [2, 3] 1 0.03
26 5 [0, 3] 1 0.03
26 7 [1, 3] 2 0.03
26 8 [1] 0 0.03
26 8 [1] 3 0.03
26 8 [1] 3 0.03
26 2 [0, 2, 3] 2 0.03
27 8 [1] 3 0.02
27 8 [1] 3 0.03
27 5 [0, 3] 1 0.03
27 7 [1, 3] 2 0.04
27 8 [1] 3 0.04
27 8 [1] 3 0.05
27 8 [1] 3 0.05
27 8 [1] 3 0.05
27 7 [1, 3] 2 0.03
27 7 [1, 3] 2 0.03
27 5 [0, 3] 1 0.03
27 1 [2, 3] 1 0.03
27 1 [2, 3] 1 0.03
27 7 [1, 3] 2 0.03
27 7 [1, 3] 2 0.03
27 1 [2, 3] 1 0.03
27 7 [1, 3] 2 0.03
27 7 [1, 3] 2 0.03
27 8 [1] 0 0.03
27 7 [1, 3] 2 0.03
27 7 [1, 3] 2 0.03
27 8 [1] 0 0.03
27 7 [1, 3] 2 0.03
27 7 [1, 3] 2 0.03
27 7 [1, 3] 2 0.03
27 8 [1] 0 0.03
27 8 [1] 0 0.03
27 7 [1, 3] 2 0.03
27 7 [1, 3] 2 0.02
27 7 [1, 3] 2 0.03
27 7 [1, 3] 2 0.03
27 2 [0, 2, 3] 1 0.03
27 2 [0, 2, 3] 1 0.03
27 6 [2, 3] 1 0.02
27 5 [0, 3] 1 0.03
27 2 [0, 2, 3] 1 0.03
27 7 [1, 3] 2 0.03
27 4 [0, 2, 3] 1 0.03
27 6 [2, 3] 1 0.03
27 6 [2, 3] 1 0.03
27 7 [1, 3] 2 0.03
27 8 [1] 3 0.03
27 7 [1, 3] 2 0.03
27 8 [1] 0 0.03
27 5 [0, 3] 1 0.03
27 7 [1, 3] 2 0.03
27 7 [1, 3] 2 0.03
27 7 [1, 3] 2 0.03
27 7 [1, 3] 2 0.03
27 7 [1, 3] 2 0.03
27 7 [1, 3] 2 0.03
27 2 [0, 2, 3] 1 0.03
27 7 [1, 3] 2 0.03
27 7 [1, 3] 2 0.03
27 7 [1, 3] 2 0.03
27 5 [0, 3] 1 0.03
27 5 [0, 3] 1 0.03
27 4 [0, 2, 3] 1 0.03
27 5 [0, 3] 1 0.03
27 6 [2, 3] 1 0.03
27 5 [0, 3] 0 0.03
28 1 [2, 3] 1 0.01
28 8 [1] 3 0.01
28 8 [1] 0 0.02
28 8 [1] 3 0.02
28 8 [1] 3 0.02
28 8 [1] 3 0.02
28 6 [2, 3] 1 0.02
28 6 [2, 3] 1 0.02
28 8 [1] 3 0.02
28 8 [1] 0 0.02
28 8 [1] 3 0.02
28 6 [2, 3] 1 0.02
28 4 [0, 2, 3] 1 0.02
28 8 [1] 3 0.02
28 8 [1] 3 0.02
28 5 [0, 3] 1 0.02
28 1 [2, 3] 1 0.02
28 7 [1, 3] 2 0.02
28 8 [1] 0 0.02
28 7 [1, 3] 2 0.02
28 7 [1, 3] 2 0.02
28 7 [1, 3] 2 0.02
28 6 [2, 3] 1 0.02
28 5 [0, 3] 1 0.02
28 5 [0, 3] 1 0.02
28 4 [0, 2, 3] 1 0.02
28 5 [0, 3] 1 0.02
28 1 [2, 3] 1 0.02
28 5 [0, 3] 1 0.02
28 2 [0, 2, 3] 1 0.03
28 5 [0, 3] 1 0.02
28 7 [1, 3] 2 0.02
28 7 [1, 3] 2 0.02
28 7 [1, 3] 2 0.02
28 5 [0, 3] 1 0.02
28 7 [1, 3] 2 0.02
28 4 [0, 2, 3] 1 0.02
28 8 [1] 3 0.02
28 7 [1, 3] 2 0.02
28 7 [1, 3] 2 0.02
28 7 [1, 3] 2 0.02
28 2 [0, 2, 3] 2 0.02
29 5 [0, 3] 1 0.01
29 7 [1, 3] 2 0.02
29 5 [0, 3] 1 0.02
29 6 [2, 3] 1 0.02
29 7 [1, 3] 2 0.02
29 8 [1] 3 0.02
29 8 [1] 0 0.03
29 7 [1, 3] 2 0.03
29 8 [1] 3 0.03
29 8 [1] 3 0.04
29 8 [1] 3 0.04
29 8 [1] 3 0.04
29 1 [2, 3] 1 0.04
29 8 [1] 3 0.04
29 7 [1, 3] 2 0.04
29 7 [1, 3] 2 0.04
29 8 [1] 3 0.05
29 7 [1, 3] 2 0.05
29 7 [1, 3] 2 0.05
29 7 [1, 3] 2 0.05
29 8 [1] 3 0.05
29 7 [1, 3] 2 0.05
29 6 [2, 3] 1 0.05
29 6 [2, 3] 1 0.05
29 6 [2, 3] 1 0.05
29 5 [0, 3] 1 0.04
29 7 [1, 3] 2 0.04
29 5 [0, 3] 1 0.04
29 5 [0, 3] 1 0.04
29 5 [0, 3] 1 0.04
29 6 [2, 3] 1 0.04
29 4 [0, 2, 3] 1 0.04
29 7 [1, 3] 2 0.04
29 7 [1, 3] 2 0.04
29 7 [1, 3] 2 0.04
29 7 [1, 3] 0 0.04
29 7 [1, 3] 2 0.04
29 7 [1, 3] 2 0.04
29 7 [1, 3] 2 0.04
29 7 [1, 3] 2 0.04
29 7 [1, 3] 2 0.04
29 8 [1] 3 0.04
29 7 [1, 3] 2 0.04
29 8 [1] 3 0.04
29 7 [1, 3] 2 0.04
29 7 [1, 3] 2 0.04
29 7 [1, 3] 2 0.04
29 6 [2, 3] 1 0.04
29 5 [0, 3] 1 0.04
29 5 [0, 3] 1 0.04
29 7 [1, 3] 2 0.04
29 7 [1, 3] 2 0.04
29 8 [1] 3 0.04
29 7 [1, 3] 2 0.03
29 4 [0, 2, 3] 1 0.03
29 7 [1, 3] 2 0.03
29 1 [2, 3] 1 0.03
29 1 [2, 3] 0 0.03
29 1 [2, 3] 0 0.03
29 7 [1, 3] 2 0.03
29 2 [0, 2, 3] 2 0.03
30 6 [2, 3] 1 0.02
30 7 [1, 3] 2 0.03
30 8 [1] 3 0.02
30 8 [1] 3 0.02
30 8 [1] 3 0.03
30 8 [1] 0 0.03
30 5 [0, 3] 1 0.03
30 6 [2, 3] 1 0.03
30 2 [0, 2, 3] 1 0.03
30 8 [1] 3 0.03
30 7 [1, 3] 2 0.04
30 7 [1, 3] 2 0.04
30 6 [2, 3] 1 0.04
30 5 [0, 3] 1 0.04
30 7 [1, 3] 2 0.04
30 7 [1, 3] 2 0.04
30 7 [1, 3] 2 0.05
30 8 [1] 3 0.04
30 7 [1, 3] 2 0.05
30 1 [2, 3] 0 0.05
30 8 [1] 0 0.05
30 7 [1, 3] 2 0.05
30 7 [1, 3] 2 0.04
30 7 [1, 3] 2 0.04
30 5 [0, 3] 1 0.04
30 1 [2, 3] 0 0.04
30 7 [1, 3] 2 0.04
30 6 [2, 3] 1 0.04
30 6 [2, 3] 1 0.04
30 6 [2, 3] 1 0.04
30 8 [1] 3 0.04
30 6 [2, 3] 1 0.04
30 8 [1] 0 0.04
30 5 [0, 3] 1 0.03
30 5 [0, 3] 1 0.03
30 7 [1, 3] 2 0.03
30 7 [1, 3] 2 0.03
30 7 [1, 3] 2 0.03
30 5 [0, 3] 1 0.03
30 8 [1] 3 0.03
30 8 [1] 0 0.03
30 8 [1] 0 0.03
30 8 [1] 0 0.03
30 7 [1, 3] 2 0.03
30 7 [1, 3] 2 0.03
30 7 [1, 3] 2 0.03
30 7 [1, 3] 2 0.03
30 7 [1, 3] 2 0.03
30 7 [1, 3] 2 0.03
30 2 [0, 2, 3] 1 0.03
30 6 [2, 3] 1 0.03
30 8 [1] 3 0.03
30 8 [1] 3 0.03
30 8 [1] 0 0.03
30 8 [1] 3 0.03
30 5 [0, 3] 0 0.03
31 4 [0, 2, 3] 1 0.01
31 6 [2, 3] 1 0.03
31 4 [0, 2, 3] 1 0.04
31 5 [0, 3] 1 0.04
31 8 [1] 0 0.02
31 7 [1, 3] 2 0.02
31 8 [1] 3 0.03
31 8 [1] 3 0.03
31 0 [0, 1, 3] 2 0.02
31 0 [0, 1, 3] 2 0.03
31 0 [0, 1, 3] 2 0.03
31 0 [0, 1, 3] 2 0.03
31 6 [2, 3] 1 0.03
31 2 [0, 2, 3] 1 0.03
31 7 [1, 3] 2 0.03
31 8 [1] 0 0.02
31 6 [2, 3] 1 0.02
31 7 [1, 3] 2 0.02
31 7 [1, 3] 2 0.02
31 7 [1, 3] 2 0.02
31 5 [0, 3] 1 0.02
31 5 [0, 3] 1 0.02
31 6 [2, 3] 1 0.02
31 1 [2, 3] 1 0.02
31 2 [0, 2, 3] 1 0.02
31 2 [0, 2, 3] 1 0.02
31 2 [0, 2, 3] 1 0.02
31 5 [0, 3] 1 0.02
31 8 [1] 0 0.02
31 7 [1, 3] 2 0.02
31 7 [1, 3] 2 0.02
31 1 [2, 3] 1 0.02
31 7 [1, 3] 2 0.02
31 5 [0, 3] 1 0.02
31 1 [2, 3] 1 0.02
31 7 [1, 3] 2 0.02
31 8 [1] 0 0.02
31 8 [1] 3 0.02
31 8 [1] 3 0.02
31 7 [1, 3] 2 0.02
31 7 [1, 3] 2 0.02
31 6 [2, 3] 1 0.02
31 5 [0, 3] 1 0.02
31 1 [2, 3] 3 0.02
32 4 [0, 2, 3] 1 0.01
32 7 [1, 3] 2 0.02
32 7 [1, 3] 2 0.03
32 7 [1, 3] 2 0.02
32 8 [1] 3 0.02
32 7 [1, 3] 2 0.01
32 7 [1, 3] 2 0.01
32 6 [2, 3] 1 0.01
32 8 [1] 0 0.02
32 7 [1, 3] 2 0.02
32 8 [1] 0 0.02
32 5 [0, 3] 1 0.02
32 8 [1] 3 0.02
32 5 [0, 3] 1 0.02
32 5 [0, 3] 1 0.02
32 5 [0, 3] 1 0.02
32 5 [0, 3] 1 0.02
32 5 [0, 3] 1 0.02
32 5 [0, 3] 1 0.02
32 8 [1] 3 0.02
32 7 [1, 3] 2 0.02
32 7 [1, 3] 0 0.02
32 8 [1] 3 0.02
32 8 [1] 0 0.02
32 8 [1] 3 0.02
32 2 [0, 2, 3] 1 0.02
32 7 [1, 3] 2 0.02
32 7 [1, 3] 2 0.03
32 7 [1, 3] 0 0.03
32 5 [0, 3] 1 0.03
32 6 [2, 3] 1 0.03
32 5 [0, 3] 1 0.03
32 7 [1, 3] 2 0.03
32 7 [1, 3] 2 0.03
32 7 [1, 3] 2 0.03
32 7 [1, 3] 2 0.03
32 7 [1, 3] 2 0.03
32 7 [1, 3] 2 0.03
32 7 [1, 3] 2 0.03
32 7 [1, 3] 2 0.03
32 8 [1] 3 0.03
32 7 [1, 3] 2 0.03
32 1 [2, 3] 1 0.03
32 6 [2, 3] 1 0.03
32 5 [0, 3] 1 0.03
32 6 [2, 3] 1 0.03
32 7 [1, 3] 2 0.03
32 7 [1, 3] 2 0.03
32 6 [2, 3] 1 0.03
32 7 [1, 3] 2 0.03
32 6 [2, 3] 1 0.03
32 2 [0, 2, 3] 1 0.03
32 8 [1] 3 0.03
32 6 [2, 3] 1 0.03
32 3 [0, 1, 2] 2 0.03
33 8 [1] 3 0.07
33 7 [1, 3] 2 0.02
33 8 [1] 3 0.02
33 8 [1] 3 0.02
33 8 [1] 3 0.02
33 8 [1] 3 0.02
33 7 [1, 3] 2 0.02
33 1 [2, 3] 1 0.02
33 7 [1, 3] 2 0.02
33 8 [1] 0 0.02
33 8 [1] 3 0.02
33 8 [1] 3 0.02
33 8 [1] 3 0.02
33 7 [1, 3] 0 0.02
33 5 [0, 3] 1 0.02
33 7 [1, 3] 2 0.02
33 8 [1] 3 0.02
33 5 [0, 3] 1 0.02
33 7 [1, 3] 2 0.02
33 5 [0, 3] 1 0.02
33 7 [1, 3] 2 0.02
33 7 [1, 3] 2 0.02
33 7 [1, 3] 2 0.02
33 6 [2, 3] 1 0.02
33 6 [2, 3] 1 0.02
33 6 [2, 3] 1 0.02
33 1 [2, 3] 0 0.02
33 1 [2, 3] 0 0.02
33 7 [1, 3] 2 0.02
33 7 [1, 3] 2 0.02
33 7 [1, 3] 2 0.02
33 8 [1] 0 0.02
33 6 [2, 3] 1 0.02
33 7 [1, 3] 2 0.02
33 6 [2, 3] 1 0.02
33 5 [0, 3] 1 0.02
33 8 [1] 3 0.02
33 5 [0, 3] 3 0.02
34 8 [1] 3 0.03
34 8 [1] 3 0.04
34 8 [1] 3 0.05
34 1 [2, 3] 1 0.06
34 4 [0, 2, 3] 1 0.07
34 1 [2, 3] 1 0.08
34 4 [0, 2, 3] 1 0.09
34 5 [0, 3] 1 0.05
34 1 [2, 3] 1 0.06
34 7 [1, 3] 2 0.04
34 8 [1] 3 0.03
34 7 [1, 3] 2 0.04
34 7 [1, 3] 2 0.02
34 7 [1, 3] 2 0.02
34 7 [1, 3] 2 0.02
34 1 [2, 3] 0 0.02
34 7 [1, 3] 2 0.02
34 7 [1, 3] 2 0.03
34 5 [0, 3] 1 0.03
34 8 [1] 0 0.03
34 7 [1, 3] 2 0.03
34 8 [1] 3 0.03
34 7 [1, 3] 2 0.03
34 8 [1] 3 0.03
34 7 [1, 3] 2 0.03
34 8 [1] 3 0.02
34 7 [1, 3] 2 0.02
34 5 [0, 3] 1 0.02
34 5 [0, 3] 1 0.02
34 7 [1, 3] 2 0.02
34 7 [1, 3] 2 0.02
34 5 [0, 3] 1 0.02
34 7 [1, 3] 2 0.02
34 7 [1, 3] 2 0.02
34 7 [1, 3] 2 0.02
34 7 [1, 3] 2 0.02
34 8 [1] 3 0.02
34 1 [2, 3] 3 0.02
35 6 [2, 3] 1 0.06
35 2 [0, 2, 3] 1 0.03
35 5 [0, 3] 1 0.04
35 7 [1, 3] 2 0.03
35 4 [0, 2, 3] 1 0.03
35 2 [0, 2, 3] 1 0.02
35 8 [1] 3 0.02
35 8 [1] 3 0.02
35 0 [0, 1, 3] 2 0.02
35 6 [2, 3] 1 0.03
35 2 [0, 2, 3] 1 0.03
35 6 [2, 3] 1 0.02
35 6 [2, 3] 1 0.02
35 6 [2, 3] 1 0.02
35 7 [1, 3] 2 0.02
35 7 [1, 3] 2 0.02
35 7 [1, 3] 2 0.03
35 8 [1] 0 0.03
35 8 [1] 0 0.03
35 8 [1] 0 0.03
35 8 [1] 0 0.03
35 8 [1] 3 0.03
35 0 [0, 1, 3] 2 0.03
35 7 [1, 3] 2 0.03
35 5 [0, 3] 1 0.03
35 1 [2, 3] 0 0.03
35 6 [2, 3] 1 0.03
35 7 [1, 3] 2 0.03
35 5 [0, 3] 1 0.03
35 7 [1, 3] 2 0.03
35 7 [1, 3] 2 0.02
35 6 [2, 3] 1 0.02
35 6 [2, 3] 1 0.02
35 6 [2, 3] 1 0.03
35 6 [2, 3] 1 0.03
35 7 [1, 3] 2 0.03
35 7 [1, 3] 2 0.03
35 6 [2, 3] 1 0.02
35 5 [0, 3] 1 0.02
35 5 [0, 3] 1 0.02
35 6 [2, 3] 1 0.03
35 5 [0, 3] 1 0.03
35 8 [1] 3 0.02
35 8 [1] 3 0.03
35 7 [1, 3] 2 0.02
35 7 [1, 3] 2 0.03
35 7 [1, 3] 2 0.02
35 7 [1, 3] 2 0.03
35 6 [2, 3] 1 0.03
35 8 [1] 3 0.03
35 9 [0, 1, 2] 2 0.03
36 5 [0, 3] 1 0.17
36 2 [0, 2, 3] 1 0.03
36 1 [2, 3] 1 0.03
36 4 [0, 2, 3] 1 0.04
36 1 [2, 3] 1 0.05
36 5 [0, 3] 1 0.05
36 8 [1] 3 0.02
36 8 [1] 3 0.03
36 8 [1] 3 0.02
36 1 [2, 3] 1 0.02
36 8 [1] 0 0.02
36 7 [1, 3] 2 0.02
36 8 [1] 0 0.02
36 8 [1] 3 0.02
36 7 [1, 3] 2 0.02
36 8 [1] 3 0.02
36 8 [1] 0 0.02
36 7 [1, 3] 2 0.02
36 7 [1, 3] 2 0.02
36 6 [2, 3] 1 0.02
36 6 [2, 3] 1 0.02
36 6 [2, 3] 1 0.02
36 7 [1, 3] 2 0.02
36 8 [1] 3 0.02
36 7 [1, 3] 2 0.02
36 7 [1, 3] 2 0.02
36 6 [2, 3] 1 0.02
36 1 [2, 3] 1 0.02
36 8 [1] 0 0.02
36 7 [1, 3] 2 0.02
36 7 [1, 3] 2 0.02
36 7 [1, 3] 2 0.02
36 8 [1] 0 0.02
36 7 [1, 3] 2 0.02
36 8 [1] 0 0.02
36 5 [0, 3] 1 0.02
36 7 [1, 3] 2 0.02
36 8 [1] 3 0.02
36 9 [0, 1, 2] 2 0.02
37 4 [0, 2, 3] 1 0.01
37 8 [1] 0 0.01
37 6 [2, 3] 1 0.01
37 7 [1, 3] 2 0.01
37 6 [2, 3] 1 0.01
37 7 [1, 3] 2 0.02
37 6 [2, 3] 1 0.02
37 7 [1, 3] 2 0.02
37 7 [1, 3] 2 0.02
37 1 [2, 3] 1 0.01
37 7 [1, 3] 2 0.01
37 8 [1] 0 0.01
37 8 [1] 3 0.01
37 8 [1] 3 0.02
37 7 [1, 3] 2 0.02
37 7 [1, 3] 2 0.02
37 7 [1, 3] 2 0.02
37 7 [1, 3] 2 0.02
37 7 [1, 3] 2 0.02
37 2 [0, 2, 3] 1 0.02
37 7 [1, 3] 2 0.02
37 2 [0, 2, 3] 1 0.02
37 7 [1, 3] 2 0.02
37 7 [1, 3] 2 0.02
37 7 [1, 3] 2 0.02
37 8 [1] 0 0.02
37 7 [1, 3] 2 0.02
37 7 [1, 3] 2 0.02
37 6 [2, 3] 1 0.02
37 1 [2, 3] 1 0.02
37 5 [0, 3] 1 0.02
37 7 [1, 3] 2 0.02
37 6 [2, 3] 1 0.02
37 6 [2, 3] 1 0.02
37 2 [0, 2, 3] 1 0.02
37 7 [1, 3] 1 0.02
38 8 [1] 0 0.20
38 7 [1, 3] 2 0.02
38 7 [1, 3] 2 0.02
38 7 [1, 3] 2 0.02
38 7 [1, 3] 2 0.03
38 7 [1, 3] 2 0.03
38 7 [1, 3] 2 0.03
38 8 [1] 3 0.03
38 7 [1, 3] 2 0.02
38 7 [1, 3] 2 0.03
38 7 [1, 3] 2 0.03
38 8 [1] 3 0.03
38 7 [1, 3] 2 0.03
38 7 [1, 3] 2 0.03
38 7 [1, 3] 2 0.03
38 8 [1] 0 0.03
38 5 [0, 3] 1 0.03
38 8 [1] 0 0.03
38 8 [1] 0 0.02
38 8 [1] 0 0.02
38 8 [1] 0 0.02
38 7 [1, 3] 2 0.03
38 7 [1, 3] 2 0.02
38 5 [0, 3] 1 0.02
38 7 [1, 3] 2 0.03
38 7 [1, 3] 2 0.03
38 7 [1, 3] 2 0.03
38 7 [1, 3] 2 0.03
38 6 [2, 3] 1 0.03
38 6 [2, 3] 1 0.03
38 2 [0, 2, 3] 1 0.03
38 7 [1, 3] 0 0.03
38 8 [1] 3 0.03
38 7 [1, 3] 2 0.03
38 8 [1] 3 0.03
38 5 [0, 3] 1 0.03
38 6 [2, 3] 1 0.03
38 7 [1, 3] 2 0.03
38 7 [1, 3] 2 0.03
38 7 [1, 3] 2 0.03
38 7 [1, 3] 2 0.03
38 6 [2, 3] 1 0.03
38 5 [0, 3] 1 0.03
38 7 [1, 3] 2 0.03
38 8 [1] 3 0.03
38 8 [1] 0 0.02
38 7 [1, 3] 2 0.02
38 6 [2, 3] 1 0.02
38 8 [1] 3 0.02
38 6 [2, 3] 2 0.02
39 8 [1] 3 0.02
39 7 [1, 3] 2 0.03
39 7 [1, 3] 2 0.03
39 8 [1] 3 0.03
39 8 [1] 3 0.03
39 8 [1] 0 0.03
39 5 [0, 3] 1 0.02
39 7 [1, 3] 2 0.02
39 7 [1, 3] 2 0.02
39 2 [0, 2, 3] 1 0.02
39 8 [1] 3 0.03
39 7 [1, 3] 2 0.02
39 6 [2, 3] 1 0.02
39 6 [2, 3] 1 0.03
39 6 [2, 3] 1 0.03
39 2 [0, 2, 3] 1 0.03
39 8 [1] 3 0.03
39 7 [1, 3] 2 0.03
39 8 [1] 3 0.02
39 8 [1] 3 0.03
39 8 [1] 0 0.03
39 7 [1, 3] 0 0.03
39 8 [1] 3 0.02
39 2 [0, 2, 3] 1 0.02
39 8 [1] 3 0.02
39 8 [1] 3 0.02
39 7 [1, 3] 2 0.02
39 7 [1, 3] 2 0.02
39 7 [1, 3] 2 0.02
39 6 [2, 3] 1 0.02
39 7 [1, 3] 2 0.02
39 7 [1, 3] 2 0.02
39 6 [2, 3] 1 0.02
39 6 [2, 3] 1 0.02
39 8 [1] 3 0.02
39 5 [0, 3] 1 0.02
39 1 [2, 3] 0 0.02
39 1 [2, 3] 1 0.02
39 6 [2, 3] 2 0.02
40 7 [1, 3] 2 0.02
40 7 [1, 3] 2 0.01
40 7 [1, 3] 2 0.01
40 5 [0, 3] 1 0.01
40 1 [2, 3] 1 0.01
40 8 [1] 3 0.01
40 8 [1] 3 0.02
40 1 [2, 3] 1 0.02
40 1 [2, 3] 0 0.02
40 5 [0, 3] 1 0.02
40 7 [1, 3] 2 0.02
40 7 [1, 3] 2 0.02
40 7 [1, 3] 2 0.02
40 7 [1, 3] 2 0.02
40 7 [1, 3] 2 0.03
40 7 [1, 3] 2 0.03
40 8 [1] 3 0.03
40 6 [2, 3] 1 0.03
40 5 [0, 3] 1 0.03
40 5 [0, 3] 1 0.03
40 7 [1, 3] 2 0.03
40 1 [2, 3] 0 0.03
40 7 [1, 3] 2 0.03
40 7 [1, 3] 2 0.03
40 7 [1, 3] 2 0.03
40 7 [1, 3] 2 0.03
40 5 [0, 3] 1 0.03
40 7 [1, 3] 2 0.03
40 7 [1, 3] 2 0.03
40 6 [2, 3] 1 0.03
40 6 [2, 3] 1 0.03
40 0 [0, 1, 3] 2 0.03
40 7 [1, 3] 2 0.03
40 8 [1] 3 0.03
40 7 [1, 3] 2 0.03
40 7 [1, 3] 2 0.03
40 6 [2, 3] 1 0.03
40 8 [1] 3 0.03
40 8 [1] 0 0.03
40 7 [1, 3] 2 0.03
40 7 [1, 3] 2 0.03
40 5 [0, 3] 1 0.03
40 5 [0, 3] 1 0.03
40 7 [1, 3] 2 0.03
40 5 [0, 3] 1 0.03
40 7 [1, 3] 2 0.03
40 8 [1] 0 0.03
40 7 [1, 3] 2 0.03
40 7 [1, 3] 2 0.03
40 7 [1, 3] 2 0.03
40 7 [1, 3] 0 0.03
40 7 [1, 3] 2 0.03
40 7 [1, 3] 2 0.03
40 5 [0, 3] 1 0.03
41 7 [1, 3] 2 0.14
41 5 [0, 3] 1 0.12
41 5 [0, 3] 1 0.09
41 5 [0, 3] 1 0.11
41 8 [1] 0 0.09
41 6 [2, 3] 1 0.04
41 8 [1] 3 0.04
41 7 [1, 3] 0 0.03
41 7 [1, 3] 0 0.03
41 7 [1, 3] 2 0.04
41 8 [1] 3 0.03
41 6 [2, 3] 1 0.03
41 6 [2, 3] 1 0.03
41 8 [1] 0 0.03
41 7 [1, 3] 2 0.03
41 5 [0, 3] 1 0.03
41 7 [1, 3] 0 0.03
41 7 [1, 3] 2 0.03
41 7 [1, 3] 2 0.03
41 6 [2, 3] 1 0.03
41 2 [0, 2, 3] 1 0.03
41 7 [1, 3] 2 0.03
41 8 [1] 3 0.03
41 7 [1, 3] 2 0.02
41 7 [1, 3] 0 0.03
41 7 [1, 3] 0 0.03
41 7 [1, 3] 2 0.03
41 7 [1, 3] 2 0.03
41 8 [1] 3 0.03
41 8 [1] 3 0.03
41 5 [0, 3] 1 0.02
41 8 [1] 3 0.02
41 1 [2, 3] 0 0.02
41 7 [1, 3] 2 0.02
41 8 [1] 3 0.02
41 7 [1, 3] 2 0.02
41 7 [1, 3] 2 0.02
41 7 [1, 3] 2 0.02
41 1 [2, 3] 1 0.02
41 2 [0, 2, 3] 1 0.02
41 8 [1] 3 0.02
41 8 [1] 3 0.02
41 7 [1, 3] 0 0.02
41 8 [1] 1 0.02
42 8 [1] 3 0.05
42 1 [2, 3] 1 0.08
42 7 [1, 3] 2 0.04
42 1 [2, 3] 1 0.05
42 7 [1, 3] 2 0.04
42 7 [1, 3] 0 0.04
42 6 [2, 3] 1 0.03
42 7 [1, 3] 2 0.03
42 8 [1] 0 0.03
42 8 [1] 0 0.03
42 7 [1, 3] 2 0.03
42 7 [1, 3] 2 0.03
42 8 [1] 3 0.03
42 7 [1, 3] 2 0.03
42 4 [0, 2, 3] 1 0.03
42 6 [2, 3] 1 0.03
42 1 [2, 3] 1 0.03
42 7 [1, 3] 2 0.03
42 7 [1, 3] 0 0.03
42 7 [1, 3] 2 0.03
42 7 [1, 3] 0 0.02
42 7 [1, 3] 2 0.02
42 5 [0, 3] 1 0.02
42 8 [1] 3 0.02
42 1 [2, 3] 0 0.02
42 4 [0, 2, 3] 1 0.02
42 7 [1, 3] 2 0.02
42 7 [1, 3] 2 0.02
42 7 [1, 3] 2 0.02
42 7 [1, 3] 2 0.02
42 7 [1, 3] 2 0.02
42 7 [1, 3] 2 0.02
42 7 [1, 3] 0 0.02
42 7 [1, 3] 2 0.02
42 7 [1, 3] 2 0.02
42 7 [1, 3] 2 0.02
42 8 [1] 3 0.02
42 8 [1] 3 0.02
42 7 [1, 3] 2 0.02
42 7 [1, 3] 0 0.02
42 5 [0, 3] 1 0.02
42 7 [1, 3] 2 0.02
42 7 [1, 3] 2 0.02
42 4 [0, 2, 3] 0 0.02
43 1 [2, 3] 0 0.01
43 7 [1, 3] 2 0.02
43 1 [2, 3] 1 0.02
43 4 [0, 2, 3] 1 0.03
43 8 [1] 0 0.02
43 7 [1, 3] 2 0.02
43 7 [1, 3] 2 0.02
43 7 [1, 3] 2 0.02
43 7 [1, 3] 2 0.02
43 5 [0, 3] 1 0.02
43 7 [1, 3] 2 0.02
43 7 [1, 3] 2 0.02
43 7 [1, 3] 0 0.02
43 7 [1, 3] 0 0.02
43 6 [2, 3] 1 0.02
43 7 [1, 3] 2 0.02
43 7 [1, 3] 2 0.02
43 5 [0, 3] 1 0.02
43 4 [0, 2, 3] 1 0.03
43 7 [1, 3] 2 0.02
43 7 [1, 3] 2 0.02
43 7 [1, 3] 2 0.02
43 7 [1, 3] 2 0.02
43 7 [1, 3] 2 0.02
43 7 [1, 3] 0 0.02
43 7 [1, 3] 2 0.03
43 7 [1, 3] 2 0.03
43 8 [1] 3 0.03
43 8 [1] 3 0.03
43 7 [1, 3] 2 0.03
43 7 [1, 3] 0 0.02
43 8 [1] 0 0.02
43 8 [1] 0 0.02
43 7 [1, 3] 2 0.02
43 7 [1, 3] 2 0.03
43 6 [2, 3] 1 0.03
43 5 [0, 3] 1 0.03
43 1 [2, 3] 0 0.03
43 5 [0, 3] 1 0.03
43 7 [1, 3] 2 0.03
43 7 [1, 3] 2 0.03
43 8 [1] 3 0.03
43 8 [1] 0 0.03
43 8 [1] 0 0.03
43 2 [0, 2, 3] 1 0.03
43 8 [1] 0 0.03
43 7 [1, 3] 0 0.03
43 7 [1, 3] 2 0.03
43 7 [1, 3] 2 0.03
43 4 [0, 2, 3] 1 0.03
43 7 [1, 3] 2 0.03
43 7 [1, 3] 2 0.03
43 7 [1, 3] 2 0.03
43 7 [1, 3] 2 0.03
43 5 [0, 3] 1 0.03
43 7 [1, 3] 2 0.03
43 7 [1, 3] 2 0.03
43 7 [1, 3] 2 0.03
43 7 [1, 3] 2 0.03
43 7 [1, 3] 2 0.03
43 7 [1, 3] 2 0.03
43 7 [1, 3] 2 0.03
43 5 [0, 3] 1 0.03
43 7 [1, 3] 2 0.03
43 7 [1, 3] 2 0.03
43 7 [1, 3] 0 0.03
43 0 [0, 1, 3] 0 0.03
44 4 [0, 2, 3] 1 0.01
44 7 [1, 3] 2 0.02
44 7 [1, 3] 2 0.02
44 8 [1] 0 0.03
44 7 [1, 3] 2 0.02
44 7 [1, 3] 2 0.02
44 7 [1, 3] 2 0.02
44 7 [1, 3] 2 0.03
44 6 [2, 3] 1 0.03
44 6 [2, 3] 1 0.02
44 8 [1] 3 0.03
44 8 [1] 0 0.03
44 7 [1, 3] 2 0.03
44 7 [1, 3] 2 0.03
44 8 [1] 3 0.03
44 7 [1, 3] 2 0.03
44 7 [1, 3] 2 0.03
44 7 [1, 3] 2 0.03
44 5 [0, 3] 1 0.03
44 7 [1, 3] 0 0.03
44 7 [1, 3] 0 0.03
44 7 [1, 3] 2 0.03
44 7 [1, 3] 0 0.03
44 7 [1, 3] 2 0.03
44 7 [1, 3] 2 0.03
44 7 [1, 3] 2 0.03
44 8 [1] 3 0.03
44 7 [1, 3] 2 0.03
44 7 [1, 3] 2 0.03
44 8 [1] 3 0.03
44 2 [0, 2, 3] 1 0.03
44 5 [0, 3] 1 0.02
44 8 [1] 3 0.02
44 8 [1] 3 0.02
44 6 [2, 3] 1 0.02
44 7 [1, 3] 2 0.02
44 7 [1, 3] 2 0.02
44 8 [1] 3 0.02
44 8 [1] 0 0.02
44 7 [1, 3] 2 0.02
44 7 [1, 3] 2 0.02
44 2 [0, 2, 3] 1 0.02
44 7 [1, 3] 2 0.02
44 7 [1, 3] 2 0.02
44 6 [2, 3] 2 0.02
45 7 [1, 3] 2 0.05
45 6 [2, 3] 1 0.10
45 5 [0, 3] 1 0.14
45 6 [2, 3] 1 0.13
45 6 [2, 3] 1 0.06
45 7 [1, 3] 2 0.06
45 7 [1, 3] 2 0.06
45 5 [0, 3] 1 0.06
45 7 [1, 3] 2 0.04
45 2 [0, 2, 3] 1 0.05
45 7 [1, 3] 2 0.05
45 2 [0, 2, 3] 1 0.06
45 8 [1] 0 0.06
45 7 [1, 3] 0 0.05
45 5 [0, 3] 1 0.06
45 8 [1] 3 0.05
45 7 [1, 3] 2 0.05
45 8 [1] 0 0.05
45 5 [0, 3] 1 0.05
45 8 [1] 3 0.05
45 8 [1] 0 0.05
45 7 [1, 3] 2 0.03
45 7 [1, 3] 2 0.03
45 8 [1] 3 0.03
45 7 [1, 3] 2 0.03
45 1 [2, 3] 0 0.03
45 6 [2, 3] 1 0.03
45 6 [2, 3] 1 0.03
45 7 [1, 3] 2 0.03
45 7 [1, 3] 2 0.03
45 7 [1, 3] 2 0.03
45 8 [1] 0 0.03
45 7 [1, 3] 2 0.03
45 8 [1] 3 0.03
45 7 [1, 3] 2 0.03
45 8 [1] 3 0.03
45 8 [1] 3 0.03
45 5 [0, 3] 1 0.03
45 6 [2, 3] 1 0.03
45 7 [1, 3] 2 0.03
45 7 [1, 3] 2 0.03
45 7 [1, 3] 2 0.03
45 7 [1, 3] 2 0.03
45 7 [1, 3] 2 0.03
45 5 [0, 3] 1 0.03
45 7 [1, 3] 2 0.03
45 8 [1] 0 0.03
45 7 [1, 3] 2 0.03
45 7 [1, 3] 2 0.03
45 7 [1, 3] 2 0.03
45 2 [0, 2, 3] 1 0.03
45 1 [2, 3] 1 0.03
45 8 [1] 3 0.03
45 5 [0, 3] 1 0.03
45 1 [2, 3] 3 0.03
46 1 [2, 3] 0 0.06
46 8 [1] 0 0.01
46 5 [0, 3] 1 0.01
46 6 [2, 3] 1 0.01
46 1 [2, 3] 0 0.01
46 7 [1, 3] 0 0.01
46 8 [1] 3 0.01
46 5 [0, 3] 1 0.01
46 6 [2, 3] 1 0.01
46 7 [1, 3] 2 0.01
46 5 [0, 3] 1 0.02
46 6 [2, 3] 1 0.02
46 2 [0, 2, 3] 1 0.02
46 8 [1] 3 0.02
46 8 [1] 0 0.02
46 8 [1] 0 0.02
46 8 [1] 0 0.02
46 7 [1, 3] 2 0.02
46 7 [1, 3] 2 0.02
46 7 [1, 3] 2 0.02
46 1 [2, 3] 0 0.02
46 7 [1, 3] 2 0.02
46 5 [0, 3] 1 0.02
46 8 [1] 3 0.02
46 6 [2, 3] 1 0.02
46 8 [1] 0 0.02
46 7 [1, 3] 0 0.02
46 7 [1, 3] 2 0.02
46 8 [1] 3 0.02
46 8 [1] 0 0.02
46 7 [1, 3] 2 0.02
46 8 [1] 3 0.02
46 4 [0, 2, 3] 1 0.02
46 7 [1, 3] 2 0.02
46 7 [1, 3] 2 0.02
46 7 [1, 3] 2 0.02
46 1 [2, 3] 1 0.02
46 8 [1] 3 0.02
46 7 [1, 3] 2 0.02
46 8 [1] 3 0.02
46 8 [1] 3 0.02
46 8 [1] 3 0.02
46 7 [1, 3] 0 0.02
46 7 [1, 3] 2 0.02
46 7 [1, 3] 2 0.02
46 7 [1, 3] 2 0.02
46 2 [0, 2, 3] 1 0.02
46 3 [0, 1, 2] 2 0.02
47 8 [1] 3 0.04
47 5 [0, 3] 1 0.05
47 4 [0, 2, 3] 1 0.05
47 1 [2, 3] 1 0.07
47 6 [2, 3] 1 0.04
47 4 [0, 2, 3] 1 0.05
47 1 [2, 3] 1 0.03
47 7 [1, 3] 2 0.03
47 8 [1] 3 0.03
47 6 [2, 3] 1 0.03
47 1 [2, 3] 1 0.03
47 8 [1] 3 0.03
47 7 [1, 3] 0 0.03
47 6 [2, 3] 1 0.03
47 7 [1, 3] 2 0.03
47 7 [1, 3] 2 0.03
47 7 [1, 3] 2 0.03
47 7 [1, 3] 2 0.03
47 7 [1, 3] 2 0.03
47 8 [1] 0 0.03
47 7 [1, 3] 2 0.03
47 1 [2, 3] 1 0.03
47 7 [1, 3] 2 0.02
47 7 [1, 3] 2 0.03
47 7 [1, 3] 2 0.03
47 7 [1, 3] 2 0.03
47 7 [1, 3] 2 0.03
47 7 [1, 3] 2 0.03
47 7 [1, 3] 2 0.03
47 7 [1, 3] 2 0.03
47 7 [1, 3] 0 0.03
47 8 [1] 3 0.03
47 7 [1, 3] 2 0.03
47 7 [1, 3] 2 0.03
47 7 [1, 3] 2 0.03
47 7 [1, 3] 2 0.03
47 7 [1, 3] 2 0.03
47 7 [1, 3] 2 0.03
47 7 [1, 3] 2 0.03
47 7 [1, 3] 2 0.03
47 7 [1, 3] 2 0.03
47 7 [1, 3] 2 0.03
47 7 [1, 3] 2 0.03
47 8 [1] 3 0.03
47 7 [1, 3] 2 0.02
47 5 [0, 3] 1 0.02
47 1 [2, 3] 1 0.02
47 8 [1] 3 0.02
47 4 [0, 2, 3] 3 0.02
48 8 [1] 3 0.01
48 8 [1] 0 0.02
48 7 [1, 3] 2 0.02
48 8 [1] 3 0.02
48 8 [1] 0 0.02
48 7 [1, 3] 2 0.02
48 7 [1, 3] 2 0.02
48 7 [1, 3] 2 0.02
48 2 [0, 2, 3] 1 0.02
48 7 [1, 3] 2 0.02
48 7 [1, 3] 2 0.02
48 5 [0, 3] 1 0.02
48 6 [2, 3] 1 0.02
48 6 [2, 3] 1 0.02
48 2 [0, 2, 3] 1 0.02
48 7 [1, 3] 2 0.02
48 1 [2, 3] 0 0.02
48 8 [1] 3 0.02
48 8 [1] 3 0.02
48 8 [1] 3 0.02
48 8 [1] 3 0.02
48 7 [1, 3] 2 0.02
48 7 [1, 3] 0 0.02
48 7 [1, 3] 2 0.02
48 7 [1, 3] 2 0.03
48 7 [1, 3] 2 0.03
48 7 [1, 3] 2 0.03
48 7 [1, 3] 2 0.03
48 7 [1, 3] 2 0.03
48 7 [1, 3] 2 0.03
48 7 [1, 3] 2 0.03
48 7 [1, 3] 2 0.03
48 7 [1, 3] 2 0.03
48 7 [1, 3] 2 0.03
48 7 [1, 3] 2 0.03
48 7 [1, 3] 2 0.03
48 7 [1, 3] 2 0.03
48 7 [1, 3] 2 0.03
48 8 [1] 3 0.03
48 8 [1] 3 0.03
48 7 [1, 3] 2 0.03
48 8 [1] 3 0.03
48 8 [1] 3 0.03
48 8 [1] 0 0.03
48 8 [1] 3 0.03
48 8 [1] 0 0.03
48 8 [1] 3 0.03
48 8 [1] 0 0.03
48 8 [1] 3 0.03
48 6 [2, 3] 1 0.03
48 8 [1] 0 0.03
48 6 [2, 3] 1 0.03
48 8 [1] 0 0.03
48 8 [1] 3 0.03
48 1 [2, 3] 2 0.03
49 7 [1, 3] 0 0.12
49 7 [1, 3] 2 0.03
49 7 [1, 3] 2 0.02
49 7 [1, 3] 2 0.02
49 7 [1, 3] 2 0.02
49 7 [1, 3] 2 0.03
49 6 [2, 3] 1 0.03
49 7 [1, 3] 2 0.03
49 7 [1, 3] 2 0.02
49 7 [1, 3] 2 0.02
49 7 [1, 3] 2 0.03
49 7 [1, 3] 2 0.03
49 7 [1, 3] 2 0.03
49 8 [1] 3 0.03
49 7 [1, 3] 2 0.03
49 7 [1, 3] 2 0.03
49 8 [1] 3 0.02
49 7 [1, 3] 2 0.03
49 7 [1, 3] 2 0.03
49 5 [0, 3] 1 0.03
49 7 [1, 3] 2 0.03
49 8 [1] 0 0.03
49 8 [1] 0 0.03
49 1 [2, 3] 1 0.03
49 8 [1] 3 0.03
49 8 [1] 3 0.03
49 7 [1, 3] 0 0.03
49 7 [1, 3] 2 0.03
49 8 [1] 3 0.03
49 7 [1, 3] 2 0.03
49 7 [1, 3] 2 0.03
49 7 [1, 3] 2 0.03
49 7 [1, 3] 2 0.03
49 7 [1, 3] 2 0.03
49 7 [1, 3] 2 0.03
49 7 [1, 3] 2 0.03
49 7 [1, 3] 2 0.04
49 7 [1, 3] 2 0.03
49 7 [1, 3] 2 0.03
49 8 [1] 3 0.03
49 7 [1, 3] 2 0.03
49 7 [1, 3] 2 0.03
49 8 [1] 0 0.03
49 7 [1, 3] 2 0.03
49 7 [1, 3] 2 0.03
49 7 [1, 3] 2 0.03
49 7 [1, 3] 2 0.03
49 1 [2, 3] 1 0.03
49 1 [2, 3] 1 0.03
49 7 [1, 3] 0 0.03
49 6 [2, 3] 1 0.03
49 8 [1] 3 0.03
49 7 [1, 3] 2 0.03
49 7 [1, 3] 2 0.03
49 5 [0, 3] 1 0.03
49 7 [1, 3] 2 0.03
49 8 [1] 3 0.03
49 6 [2, 3] 1 0.03
49 8 [1] 0 0.03
49 7 [1, 3] 2 0.03
49 7 [1, 3] 0 0.03
49 7 [1, 3] 0 0.03
49 7 [1, 3] 2 0.03
49 1 [2, 3] 0 0.03
49 8 [1] 1 0.03
50 7 [1, 3] 0 0.01
50 8 [1] 3 0.02
50 8 [1] 3 0.02
50 7 [1, 3] 2 0.02
50 5 [0, 3] 1 0.02
50 1 [2, 3] 0 0.02
50 7 [1, 3] 2 0.02
50 5 [0, 3] 1 0.03
50 7 [1, 3] 2 0.03
50 8 [1] 3 0.03
50 8 [1] 3 0.03
50 8 [1] 3 0.03
50 7 [1, 3] 0 0.03
50 7 [1, 3] 2 0.03
50 7 [1, 3] 2 0.04
50 2 [0, 2, 3] 1 0.04
50 7 [1, 3] 2 0.04
50 7 [1, 3] 2 0.04
50 8 [1] 0 0.04
50 7 [1, 3] 2 0.04
50 8 [1] 0 0.04
50 1 [2, 3] 0 0.04
50 8 [1] 0 0.04
50 7 [1, 3] 2 0.04
50 7 [1, 3] 2 0.04
50 7 [1, 3] 2 0.04
50 8 [1] 3 0.04
50 7 [1, 3] 2 0.03
50 7 [1, 3] 2 0.03
50 7 [1, 3] 2 0.03
50 7 [1, 3] 2 0.03
50 6 [2, 3] 1 0.03
50 7 [1, 3] 2 0.03
50 8 [1] 3 0.03
50 7 [1, 3] 2 0.03
50 8 [1] 3 0.03
50 6 [2, 3] 1 0.03
50 6 [2, 3] 1 0.03
50 7 [1, 3] 2 0.03
50 7 [1, 3] 0 0.03
50 7 [1, 3] 2 0.03
50 7 [1, 3] 2 0.03
50 7 [1, 3] 2 0.03
50 7 [1, 3] 2 0.03
50 7 [1, 3] 2 0.03
50 7 [1, 3] 2 0.03
50 8 [1] 0 0.03
50 6 [2, 3] 1 0.03
50 5 [0, 3] 1 0.03
50 8 [1] 3 0.03
50 7 [1, 3] 2 0.03
50 7 [1, 3] 2 0.03
50 7 [1, 3] 2 0.03
50 7 [1, 3] 2 0.03
50 7 [1, 3] 2 0.03
50 7 [1, 3] 0 0.03
50 7 [1, 3] 2 0.03
50 7 [1, 3] 2 0.03
50 8 [1] 0 0.03
50 2 [0, 2, 3] 0 0.03
51 6 [2, 3] 1 0.06
51 6 [2, 3] 1 0.07
51 6 [2, 3] 1 0.07
51 2 [0, 2, 3] 1 0.08
51 8 [1] 3 0.05
51 7 [1, 3] 2 0.05
51 7 [1, 3] 2 0.06
51 7 [1, 3] 2 0.06
51 8 [1] 3 0.05
51 8 [1] 3 0.05
51 8 [1] 3 0.05
51 2 [0, 2, 3] 1 0.05
51 5 [0, 3] 1 0.04
51 7 [1, 3] 2 0.04
51 7 [1, 3] 0 0.04
51 7 [1, 3] 2 0.03
51 7 [1, 3] 2 0.03
51 7 [1, 3] 0 0.03
51 8 [1] 3 0.03
51 7 [1, 3] 2 0.03
51 7 [1, 3] 2 0.03
51 7 [1, 3] 0 0.03
51 7 [1, 3] 2 0.03
51 8 [1] 3 0.03
51 7 [1, 3] 2 0.02
51 6 [2, 3] 1 0.03
51 7 [1, 3] 2 0.03
51 7 [1, 3] 2 0.03
51 5 [0, 3] 1 0.03
51 8 [1] 3 0.03
51 7 [1, 3] 2 0.03
51 8 [1] 0 0.03
51 7 [1, 3] 2 0.03
51 7 [1, 3] 2 0.03
51 7 [1, 3] 2 0.03
51 8 [1] 0 0.03
51 7 [1, 3] 2 0.03
51 7 [1, 3] 2 0.03
51 7 [1, 3] 2 0.03
51 7 [1, 3] 2 0.03
51 5 [0, 3] 1 0.03
51 5 [0, 3] 1 0.03
51 7 [1, 3] 2 0.03
51 8 [1] 3 0.03
51 7 [1, 3] 2 0.03
51 7 [1, 3] 0 0.03
51 8 [1] 3 0.03
51 7 [1, 3] 2 0.03
51 7 [1, 3] 2 0.03
51 7 [1, 3] 2 0.03
51 8 [1] 3 0.03
51 7 [1, 3] 2 0.03
51 7 [1, 3] 2 0.03
51 7 [1, 3] 2 0.03
51 7 [1, 3] 2 0.03
51 7 [1, 3] 2 0.03
51 8 [1] 3 0.03
51 6 [2, 3] 1 0.03
51 7 [1, 3] 2 0.03
51 7 [1, 3] 2 0.03
51 7 [1, 3] 2 0.03
51 7 [1, 3] 2 0.03
51 7 [1, 3] 2 0.03
51 8 [1] 0 0.03
51 8 [1] 1 0.03
52 1 [2, 3] 1 0.03
52 7 [1, 3] 2 0.01
52 8 [1] 0 0.01
52 7 [1, 3] 2 0.02
52 8 [1] 3 0.01
52 6 [2, 3] 1 0.02
52 6 [2, 3] 1 0.02
52 7 [1, 3] 2 0.02
52 7 [1, 3] 2 0.02
52 1 [2, 3] 1 0.02
52 1 [2, 3] 1 0.02
52 1 [2, 3] 1 0.02
52 5 [0, 3] 1 0.02
52 7 [1, 3] 0 0.02
52 8 [1] 0 0.02
52 8 [1] 0 0.03
52 8 [1] 0 0.03
52 8 [1] 3 0.03
52 7 [1, 3] 2 0.03
52 5 [0, 3] 1 0.03
52 8 [1] 3 0.03
52 8 [1] 3 0.03
52 7 [1, 3] 0 0.03
52 7 [1, 3] 2 0.03
52 8 [1] 3 0.03
52 8 [1] 3 0.03
52 7 [1, 3] 0 0.03
52 7 [1, 3] 2 0.03
52 7 [1, 3] 2 0.03
52 8 [1] 3 0.03
52 8 [1] 3 0.03
52 7 [1, 3] 2 0.03
52 1 [2, 3] 0 0.03
52 7 [1, 3] 2 0.03
52 5 [0, 3] 1 0.03
52 7 [1, 3] 0 0.03
52 8 [1] 0 0.03
52 7 [1, 3] 2 0.03
52 7 [1, 3] 2 0.03
52 7 [1, 3] 2 0.03
52 7 [1, 3] 2 0.03
52 7 [1, 3] 2 0.03
52 7 [1, 3] 2 0.03
52 7 [1, 3] 2 0.03
52 7 [1, 3] 2 0.03
52 5 [0, 3] 1 0.03
52 7 [1, 3] 2 0.03
52 7 [1, 3] 2 0.03
52 5 [0, 3] 1 0.03
52 7 [1, 3] 2 0.03
52 5 [0, 3] 1 0.03
52 7 [1, 3] 2 0.03
52 7 [1, 3] 2 0.03
52 8 [1] 3 0.03
52 5 [0, 3] 1 0.03
52 7 [1, 3] 2 0.03
52 7 [1, 3] 2 0.03
52 8 [1] 3 0.03
52 7 [1, 3] 2 0.03
52 7 [1, 3] 0 0.03
52 8 [1] 1 0.03
53 8 [1] 0 0.01
53 7 [1, 3] 2 0.01
53 8 [1] 3 0.02
53 7 [1, 3] 2 0.01
53 1 [2, 3] 1 0.01
53 7 [1, 3] 2 0.01
53 7 [1, 3] 2 0.01
53 8 [1] 0 0.01
53 8 [1] 3 0.01
53 8 [1] 0 0.01
53 7 [1, 3] 2 0.01
53 8 [1] 3 0.01
53 7 [1, 3] 2 0.01
53 7 [1, 3] 2 0.01
53 8 [1] 3 0.01
53 8 [1] 0 0.01
53 8 [1] 3 0.01
53 7 [1, 3] 0 0.01
53 7 [1, 3] 0 0.01
53 7 [1, 3] 2 0.01
53 7 [1, 3] 2 0.01
53 7 [1, 3] 2 0.01
53 7 [1, 3] 2 0.01
53 8 [1] 3 0.01
53 8 [1] 3 0.02
53 8 [1] 3 0.02
53 7 [1, 3] 2 0.02
53 7 [1, 3] 2 0.02
53 8 [1] 0 0.02
53 7 [1, 3] 2 0.02
53 7 [1, 3] 2 0.02
53 7 [1, 3] 2 0.02
53 8 [1] 0 0.02
53 7 [1, 3] 1 0.02
54 8 [1] 0 0.05
54 8 [1] 0 0.07
54 8 [1] 3 0.05
54 8 [1] 3 0.04
54 8 [1] 3 0.05
54 8 [1] 3 0.05
54 5 [0, 3] 1 0.05
54 5 [0, 3] 1 0.06
54 8 [1] 0 0.03
54 7 [1, 3] 2 0.03
54 7 [1, 3] 2 0.03
54 8 [1] 3 0.03
54 8 [1] 0 0.03
54 7 [1, 3] 2 0.03
54 7 [1, 3] 2 0.03
54 7 [1, 3] 2 0.03
54 7 [1, 3] 2 0.03
54 8 [1] 3 0.03
54 7 [1, 3] 2 0.03
54 8 [1] 0 0.03
54 7 [1, 3] 2 0.03
54 7 [1, 3] 2 0.03
54 5 [0, 3] 1 0.03
54 5 [0, 3] 1 0.03
54 8 [1] 3 0.03
54 7 [1, 3] 2 0.03
54 1 [2, 3] 1 0.03
54 7 [1, 3] 0 0.03
54 8 [1] 0 0.03
54 8 [1] 0 0.03
54 8 [1] 3 0.03
54 8 [1] 0 0.03
54 1 [2, 3] 0 0.03
54 7 [1, 3] 2 0.03
54 7 [1, 3] 2 0.03
54 7 [1, 3] 2 0.03
54 7 [1, 3] 2 0.03
54 7 [1, 3] 2 0.03
54 7 [1, 3] 2 0.03
54 7 [1, 3] 0 0.03
54 7 [1, 3] 2 0.03
54 7 [1, 3] 2 0.03
54 7 [1, 3] 2 0.03
54 5 [0, 3] 1 0.03
54 5 [0, 3] 1 0.03
54 7 [1, 3] 2 0.03
54 7 [1, 3] 2 0.03
54 7 [1, 3] 2 0.04
54 8 [1] 0 0.03
54 7 [1, 3] 2 0.03
54 8 [1] 0 0.03
54 7 [1, 3] 2 0.03
54 7 [1, 3] 2 0.03
54 8 [1] 0 0.03
54 7 [1, 3] 2 0.03
54 7 [1, 3] 2 0.03
54 8 [1] 3 0.03
54 7 [1, 3] 2 0.03
54 7 [1, 3] 2 0.03
54 8 [1] 3 0.03
54 8 [1] 3 0.03
54 7 [1, 3] 2 0.03
54 7 [1, 3] 2 0.03
54 7 [1, 3] 2 0.03
54 6 [2, 3] 1 0.03
54 1 [2, 3] 2 0.03
55 5 [0, 3] 1 0.03
55 8 [1] 0 0.04
55 7 [1, 3] 2 0.05
55 1 [2, 3] 1 0.05
55 7 [1, 3] 2 0.05
55 8 [1] 0 0.04
55 8 [1] 3 0.04
55 8 [1] 3 0.03
55 7 [1, 3] 2 0.03
55 7 [1, 3] 2 0.03
55 7 [1, 3] 2 0.03
55 7 [1, 3] 2 0.03
55 7 [1, 3] 2 0.02
55 8 [1] 3 0.02
55 6 [2, 3] 1 0.02
55 6 [2, 3] 1 0.02
55 1 [2, 3] 1 0.02
55 5 [0, 3] 1 0.02
55 6 [2, 3] 0 0.02
55 8 [1] 3 0.03
55 8 [1] 3 0.03
55 7 [1, 3] 2 0.03
55 7 [1, 3] 2 0.03
55 7 [1, 3] 2 0.03
55 7 [1, 3] 2 0.03
55 7 [1, 3] 2 0.03
55 7 [1, 3] 2 0.03
55 7 [1, 3] 2 0.03
55 7 [1, 3] 2 0.03
55 7 [1, 3] 2 0.03
55 7 [1, 3] 0 0.03
55 8 [1] 3 0.03
55 7 [1, 3] 2 0.03
55 7 [1, 3] 2 0.03
55 7 [1, 3] 2 0.03
55 8 [1] 3 0.03
55 7 [1, 3] 0 0.03
55 7 [1, 3] 2 0.03
55 5 [0, 3] 1 0.02
55 7 [1, 3] 2 0.03
55 7 [1, 3] 2 0.03
55 7 [1, 3] 2 0.03
55 7 [1, 3] 2 0.03
55 7 [1, 3] 2 0.03
55 7 [1, 3] 2 0.03
55 7 [1, 3] 2 0.03
55 7 [1, 3] 0 0.03
55 8 [1] 3 0.03
55 7 [1, 3] 2 0.03
55 6 [2, 3] 1 0.03
55 7 [1, 3] 2 0.03
55 6 [2, 3] 1 0.03
55 7 [1, 3] 2 0.03
55 4 [0, 2, 3] 0 0.03
56 7 [1, 3] 0 0.04
56 8 [1] 0 0.04
56 8 [1] 3 0.05
56 8 [1] 3 0.03
56 8 [1] 0 0.03
56 8 [1] 3 0.03
56 8 [1] 3 0.02
56 7 [1, 3] 2 0.03
56 8 [1] 3 0.03
56 8 [1] 3 0.03
56 8 [1] 3 0.03
56 8 [1] 3 0.04
56 8 [1] 3 0.04
56 8 [1] 3 0.04
56 1 [2, 3] 1 0.04
56 7 [1, 3] 2 0.04
56 8 [1] 0 0.04
56 5 [0, 3] 1 0.04
56 8 [1] 0 0.04
56 0 [0, 1, 3] 2 0.04
56 7 [1, 3] 2 0.04
56 7 [1, 3] 2 0.05
56 5 [0, 3] 1 0.05
56 2 [0, 2, 3] 1 0.04
56 7 [1, 3] 2 0.04
56 7 [1, 3] 2 0.04
56 1 [2, 3] 1 0.04
56 7 [1, 3] 2 0.04
56 5 [0, 3] 1 0.04
56 7 [1, 3] 2 0.04
56 7 [1, 3] 2 0.04
56 8 [1] 0 0.04
56 8 [1] 0 0.04
56 8 [1] 3 0.04
56 8 [1] 3 0.04
56 7 [1, 3] 2 0.04
56 7 [1, 3] 2 0.04
56 7 [1, 3] 2 0.04
56 7 [1, 3] 2 0.04
56 7 [1, 3] 2 0.04
56 8 [1] 3 0.04
56 8 [1] 0 0.04
56 7 [1, 3] 2 0.04
56 7 [1, 3] 2 0.04
56 8 [1] 0 0.04
56 8 [1] 3 0.04
56 7 [1, 3] 2 0.04
56 7 [1, 3] 2 0.04
56 7 [1, 3] 2 0.05
56 7 [1, 3] 2 0.05
56 7 [1, 3] 2 0.04
56 5 [0, 3] 1 0.04
56 5 [0, 3] 1 0.04
56 8 [1] 0 0.04
56 8 [1] 3 0.04
56 8 [1] 3 0.05
56 8 [1] 3 0.05
56 8 [1] 3 0.05
56 7 [1, 3] 2 0.05
56 5 [0, 3] 1 0.05
56 5 [0, 3] 1 0.05
56 8 [1] 0 0.04
56 7 [1, 3] 2 0.04
56 5 [0, 3] 1 0.05
56 8 [1] 0 0.04
56 7 [1, 3] 2 0.04
56 7 [1, 3] 2 0.05
56 8 [1] 3 0.05
56 8 [1] 3 0.04
56 8 [1] 3 0.04
56 7 [1, 3] 0 0.04
56 7 [1, 3] 2 0.04
56 7 [1, 3] 2 0.04
56 7 [1, 3] 2 0.04
56 7 [1, 3] 2 0.04
56 8 [1] 0 0.04
56 7 [1, 3] 2 0.04
56 7 [1, 3] 2 0.04
56 8 [1] 3 0.04
56 6 [2, 3] 0 0.04
56 7 [1, 3] 2 0.04
56 7 [1, 3] 0 0.04
56 7 [1, 3] 0 0.04
56 1 [2, 3] 3 0.04
57 8 [1] 3 0.01
57 8 [1] 3 0.01
57 8 [1] 3 0.02
57 8 [1] 3 0.03
57 8 [1] 3 0.03
57 6 [2, 3] 1 0.03
57 8 [1] 3 0.03
57 7 [1, 3] 2 0.03
57 5 [0, 3] 1 0.03
57 7 [1, 3] 2 0.04
57 7 [1, 3] 2 0.04
57 7 [1, 3] 2 0.04
57 7 [1, 3] 0 0.04
57 7 [1, 3] 2 0.05
57 8 [1] 3 0.04
57 8 [1] 0 0.04
57 7 [1, 3] 2 0.04
57 8 [1] 0 0.04
57 7 [1, 3] 2 0.04
57 7 [1, 3] 0 0.04
57 7 [1, 3] 2 0.04
57 7 [1, 3] 2 0.04
57 7 [1, 3] 2 0.04
57 7 [1, 3] 2 0.04
57 7 [1, 3] 2 0.04
57 6 [2, 3] 1 0.04
57 1 [2, 3] 1 0.04
57 5 [0, 3] 1 0.04
57 1 [2, 3] 0 0.03
57 8 [1] 0 0.03
57 7 [1, 3] 2 0.03
57 8 [1] 3 0.03
57 7 [1, 3] 0 0.03
57 7 [1, 3] 2 0.03
57 7 [1, 3] 2 0.03
57 8 [1] 3 0.03
57 7 [1, 3] 2 0.03
57 8 [1] 0 0.03
57 8 [1] 0 0.03
57 7 [1, 3] 2 0.03
57 8 [1] 0 0.03
57 7 [1, 3] 2 0.03
57 7 [1, 3] 0 0.03
57 8 [1] 0 0.03
57 5 [0, 3] 1 0.03
57 7 [1, 3] 2 0.03
57 5 [0, 3] 1 0.03
57 7 [1, 3] 2 0.03
57 6 [2, 3] 1 0.03
57 7 [1, 3] 0 0.03
57 7 [1, 3] 2 0.03
57 7 [1, 3] 2 0.03
57 8 [1] 3 0.03
57 7 [1, 3] 2 0.03
57 8 [1] 3 0.03
57 5 [0, 3] 1 0.03
57 8 [1] 1 0.03
58 7 [1, 3] 2 0.02
58 7 [1, 3] 2 0.03
58 1 [2, 3] 0 0.04
58 8 [1] 3 0.02
58 7 [1, 3] 2 0.02
58 7 [1, 3] 0 0.02
58 7 [1, 3] 0 0.03
58 7 [1, 3] 0 0.03
58 6 [2, 3] 1 0.03
58 1 [2, 3] 1 0.03
58 6 [2, 3] 1 0.03
58 6 [2, 3] 1 0.03
58 7 [1, 3] 2 0.03
58 7 [1, 3] 0 0.04
58 8 [1] 3 0.04
58 8 [1] 3 0.04
58 7 [1, 3] 2 0.04
58 8 [1] 3 0.04
58 7 [1, 3] 2 0.04
58 8 [1] 3 0.04
58 7 [1, 3] 2 0.05
58 7 [1, 3] 2 0.04
58 7 [1, 3] 2 0.04
58 8 [1] 3 0.04
58 7 [1, 3] 2 0.04
58 8 [1] 0 0.04
58 8 [1] 0 0.05
58 8 [1] 0 0.05
58 8 [1] 3 0.05
58 8 [1] 3 0.05
58 8 [1] 3 0.05
58 8 [1] 3 0.05
58 7 [1, 3] 0 0.05
58 6 [2, 3] 1 0.04
58 6 [2, 3] 0 0.04
58 8 [1] 0 0.04
58 7 [1, 3] 2 0.04
58 6 [2, 3] 0 0.04
58 8 [1] 0 0.04
58 7 [1, 3] 2 0.04
58 7 [1, 3] 2 0.05
58 8 [1] 3 0.04
58 8 [1] 3 0.04
58 8 [1] 3 0.04
58 8 [1] 3 0.04
58 7 [1, 3] 2 0.04
58 7 [1, 3] 2 0.04
58 6 [2, 3] 1 0.04
58 8 [1] 0 0.04
58 7 [1, 3] 2 0.04
58 8 [1] 3 0.04
58 8 [1] 0 0.04
58 8 [1] 3 0.04
58 7 [1, 3] 2 0.03
58 8 [1] 3 0.03
58 8 [1] 3 0.03
58 8 [1] 0 0.03
58 4 [0, 2, 3] 1 0.03
58 7 [1, 3] 2 0.03
58 8 [1] 0 0.04
58 7 [1, 3] 2 0.04
58 8 [1] 3 0.04
58 8 [1] 3 0.04
58 8 [1] 3 0.04
58 8 [1] 3 0.04
58 8 [1] 3 0.04
58 7 [1, 3] 2 0.04
58 7 [1, 3] 2 0.04
58 7 [1, 3] 2 0.04
58 7 [1, 3] 2 0.04
58 8 [1] 3 0.04
58 9 [0, 1, 2] 2 0.04
59 7 [1, 3] 2 0.02
59 7 [1, 3] 2 0.03
59 8 [1] 3 0.04
59 8 [1] 3 0.05
59 8 [1] 0 0.05
59 8 [1] 3 0.06
59 1 [2, 3] 0 0.06
59 8 [1] 0 0.05
59 7 [1, 3] 2 0.05
59 7 [1, 3] 2 0.04
59 7 [1, 3] 2 0.04
59 7 [1, 3] 2 0.04
59 7 [1, 3] 2 0.05
59 8 [1] 3 0.05
59 5 [0, 3] 1 0.05
59 8 [1] 3 0.04
59 7 [1, 3] 2 0.04
59 8 [1] 3 0.05
59 8 [1] 3 0.05
59 8 [1] 0 0.05
59 8 [1] 0 0.05
59 8 [1] 0 0.05
59 2 [0, 2, 3] 1 0.05
59 6 [2, 3] 1 0.05
59 7 [1, 3] 2 0.05
59 7 [1, 3] 2 0.05
59 6 [2, 3] 1 0.05
59 7 [1, 3] 2 0.05
59 7 [1, 3] 2 0.05
59 8 [1] 3 0.05
59 6 [2, 3] 1 0.05
59 8 [1] 3 0.05
59 8 [1] 3 0.05
59 5 [0, 3] 1 0.05
59 8 [1] 0 0.05
59 8 [1] 3 0.04
59 1 [2, 3] 0 0.04
59 8 [1] 0 0.04
59 7 [1, 3] 2 0.04
59 7 [1, 3] 2 0.04
59 7 [1, 3] 2 0.04
59 8 [1] 3 0.04
59 8 [1] 3 0.04
59 5 [0, 3] 1 0.04
59 6 [2, 3] 0 0.04
59 7 [1, 3] 2 0.04
59 8 [1] 3 0.04
59 8 [1] 3 0.04
59 6 [2, 3] 1 0.04
59 8 [1] 0 0.04
59 1 [2, 3] 0 0.04
59 7 [1, 3] 0 0.04
59 7 [1, 3] 2 0.04
59 7 [1, 3] 2 0.04
59 7 [1, 3] 2 0.04
59 1 [2, 3] 0 0.04
59 7 [1, 3] 2 0.04
59 7 [1, 3] 2 0.04
59 7 [1, 3] 2 0.04
59 7 [1, 3] 2 0.04
59 5 [0, 3] 1 0.04
59 7 [1, 3] 2 0.04
59 7 [1, 3] 2 0.04
59 8 [1] 3 0.04
59 8 [1] 0 0.04
59 8 [1] 3 0.04
59 7 [1, 3] 2 0.04
59 7 [1, 3] 2 0.04
59 7 [1, 3] 2 0.04
59 8 [1] 3 0.04
59 7 [1, 3] 2 0.04
59 5 [0, 3] 3 0.04
60 8 [1] 3 0.02
60 8 [1] 3 0.03
60 8 [1] 0 0.05
60 7 [1, 3] 2 0.05
60 7 [1, 3] 2 0.04
60 5 [0, 3] 1 0.04
60 8 [1] 0 0.05
60 8 [1] 0 0.04
60 6 [2, 3] 1 0.04
60 8 [1] 3 0.04
60 7 [1, 3] 2 0.04
60 8 [1] 3 0.04
60 8 [1] 3 0.04
60 8 [1] 3 0.04
60 8 [1] 3 0.04
60 5 [0, 3] 1 0.05
60 8 [1] 3 0.05
60 8 [1] 0 0.05
60 8 [1] 3 0.05
60 8 [1] 3 0.05
60 7 [1, 3] 2 0.05
60 7 [1, 3] 2 0.05
60 7 [1, 3] 2 0.05
60 7 [1, 3] 2 0.05
60 7 [1, 3] 2 0.05
60 7 [1, 3] 2 0.05
60 7 [1, 3] 0 0.05
60 7 [1, 3] 2 0.05
60 7 [1, 3] 2 0.05
60 7 [1, 3] 2 0.05
60 7 [1, 3] 2 0.05
60 7 [1, 3] 2 0.05
60 8 [1] 0 0.05
60 8 [1] 0 0.05
60 8 [1] 3 0.05
60 8 [1] 3 0.04
60 7 [1, 3] 2 0.04
60 7 [1, 3] 2 0.04
60 8 [1] 0 0.04
60 7 [1, 3] 2 0.04
60 7 [1, 3] 2 0.04
60 7 [1, 3] 2 0.04
60 7 [1, 3] 2 0.04
60 7 [1, 3] 2 0.04
60 8 [1] 3 0.04
60 7 [1, 3] 2 0.04
60 8 [1] 3 0.04
60 2 [0, 2, 3] 1 0.04
60 7 [1, 3] 2 0.04
60 7 [1, 3] 2 0.04
60 7 [1, 3] 2 0.04
60 7 [1, 3] 2 0.04
60 7 [1, 3] 2 0.04
60 7 [1, 3] 2 0.04
60 8 [1] 3 0.04
60 5 [0, 3] 1 0.04
60 7 [1, 3] 2 0.04
60 7 [1, 3] 2 0.04
60 8 [1] 3 0.04
60 7 [1, 3] 2 0.04
60 8 [1] 0 0.04
60 7 [1, 3] 2 0.04
60 7 [1, 3] 0 0.04
60 8 [1] 3 0.04
60 8 [1] 3 0.04
60 8 [1] 0 0.04
60 7 [1, 3] 0 0.04
60 7 [1, 3] 2 0.04
60 7 [1, 3] 2 0.04
60 8 [1] 3 0.04
60 8 [1] 3 0.04
60 7 [1, 3] 2 0.04
60 7 [1, 3] 2 0.04
60 8 [1] 3 0.04
60 7 [1, 3] 2 0.04
60 7 [1, 3] 2 0.04
60 7 [1, 3] 0 0.04
60 7 [1, 3] 2 0.04
60 8 [1] 0 0.04
60 8 [1] 0 0.04
60 8 [1] 0 0.04
60 8 [1] 3 0.04
60 6 [2, 3] 2 0.04
61 8 [1] 3 0.01
61 7 [1, 3] 2 0.01
61 8 [1] 3 0.01
61 8 [1] 0 0.02
61 8 [1] 3 0.02
61 8 [1] 3 0.02
61 5 [0, 3] 1 0.02
61 8 [1] 3 0.02
61 7 [1, 3] 2 0.02
61 7 [1, 3] 2 0.02
61 8 [1] 0 0.02
61 5 [0, 3] 1 0.03
61 8 [1] 0 0.03
61 8 [1] 3 0.03
61 8 [1] 0 0.03
61 7 [1, 3] 2 0.03
61 8 [1] 0 0.03
61 8 [1] 3 0.03
61 7 [1, 3] 2 0.03
61 7 [1, 3] 0 0.03
61 8 [1] 3 0.03
61 8 [1] 0 0.03
61 8 [1] 3 0.03
61 7 [1, 3] 0 0.03
61 8 [1] 0 0.03
61 5 [0, 3] 1 0.03
61 7 [1, 3] 2 0.03
61 6 [2, 3] 1 0.03
61 7 [1, 3] 0 0.03
61 7 [1, 3] 0 0.03
61 7 [1, 3] 2 0.03
61 7 [1, 3] 2 0.03
61 7 [1, 3] 2 0.03
61 7 [1, 3] 0 0.03
61 7 [1, 3] 2 0.03
61 7 [1, 3] 2 0.03
61 8 [1] 3 0.03
61 8 [1] 3 0.03
61 5 [0, 3] 1 0.03
61 7 [1, 3] 2 0.03
61 7 [1, 3] 2 0.03
61 7 [1, 3] 2 0.03
61 7 [1, 3] 2 0.03
61 7 [1, 3] 2 0.03
61 7 [1, 3] 2 0.03
61 7 [1, 3] 2 0.03
61 7 [1, 3] 2 0.03
61 7 [1, 3] 2 0.03
61 7 [1, 3] 2 0.03
61 8 [1] 3 0.03
61 7 [1, 3] 2 0.03
61 7 [1, 3] 2 0.03
61 8 [1] 3 0.03
61 7 [1, 3] 2 0.03
61 8 [1] 3 0.03
61 8 [1] 3 0.03
61 7 [1, 3] 2 0.03
61 8 [1] 3 0.03
61 7 [1, 3] 2 0.03
61 8 [1] 3 0.03
61 7 [1, 3] 2 0.03
61 8 [1] 0 0.03
61 8 [1] 3 0.03
61 7 [1, 3] 2 0.03
61 8 [1] 3 0.03
61 8 [1] 3 0.03
61 8 [1] 3 0.04
61 7 [1, 3] 2 0.04
61 8 [1] 3 0.04
61 8 [1] 0 0.04
61 8 [1] 3 0.04
61 7 [1, 3] 2 0.04
61 8 [1] 3 0.04
61 7 [1, 3] 2 0.04
61 7 [1, 3] 2 0.04
61 8 [1] 1 0.04
62 2 [0, 2, 3] 1 0.02
62 7 [1, 3] 2 0.03
62 7 [1, 3] 2 0.04
62 5 [0, 3] 1 0.05
62 7 [1, 3] 2 0.06
62 7 [1, 3] 2 0.05
62 7 [1, 3] 2 0.06
62 7 [1, 3] 2 0.06
62 7 [1, 3] 0 0.04
62 7 [1, 3] 0 0.04
62 7 [1, 3] 0 0.04
62 7 [1, 3] 2 0.04
62 7 [1, 3] 2 0.04
62 2 [0, 2, 3] 1 0.03
62 7 [1, 3] 2 0.03
62 8 [1] 3 0.04
62 8 [1] 0 0.04
62 7 [1, 3] 2 0.04
62 8 [1] 0 0.03
62 7 [1, 3] 0 0.03
62 8 [1] 0 0.03
62 5 [0, 3] 1 0.03
62 5 [0, 3] 1 0.03
62 8 [1] 0 0.03
62 7 [1, 3] 2 0.03
62 8 [1] 3 0.03
62 8 [1] 3 0.03
62 8 [1] 0 0.03
62 7 [1, 3] 2 0.03
62 7 [1, 3] 2 0.03
62 7 [1, 3] 2 0.03
62 7 [1, 3] 2 0.03
62 7 [1, 3] 2 0.03
62 7 [1, 3] 2 0.03
62 2 [0, 2, 3] 1 0.03
62 8 [1] 3 0.03
62 7 [1, 3] 2 0.03
62 7 [1, 3] 2 0.03
62 7 [1, 3] 2 0.03
62 7 [1, 3] 2 0.03
62 8 [1] 3 0.03
62 7 [1, 3] 2 0.03
62 7 [1, 3] 2 0.03
62 7 [1, 3] 2 0.03
62 7 [1, 3] 2 0.03
62 8 [1] 3 0.03
62 7 [1, 3] 0 0.03
62 8 [1] 3 0.03
62 7 [1, 3] 2 0.03
62 8 [1] 3 0.03
62 7 [1, 3] 2 0.03
62 7 [1, 3] 2 0.03
62 7 [1, 3] 2 0.03
62 7 [1, 3] 2 0.03
62 8 [1] 0 0.03
62 7 [1, 3] 0 0.03
62 8 [1] 3 0.03
62 7 [1, 3] 2 0.03
62 7 [1, 3] 2 0.03
62 7 [1, 3] 2 0.03
62 8 [1] 3 0.03
62 8 [1] 3 0.03
62 7 [1, 3] 2 0.03
62 8 [1] 3 0.03
62 8 [1] 0 0.03
62 1 [2, 3] 1 0.03
62 7 [1, 3] 2 0.03
62 0 [0, 1, 3] 1 0.03
63 7 [1, 3] 2 0.10
63 1 [2, 3] 0 0.03
63 8 [1] 0 0.02
63 8 [1] 3 0.02
63 8 [1] 3 0.02
63 8 [1] 3 0.03
63 8 [1] 3 0.03
63 8 [1] 3 0.04
63 8 [1] 3 0.04
63 8 [1] 3 0.04
63 1 [2, 3] 0 0.04
63 8 [1] 3 0.05
63 8 [1] 3 0.05
63 8 [1] 3 0.05
63 5 [0, 3] 1 0.04
63 6 [2, 3] 1 0.04
63 5 [0, 3] 1 0.05
63 8 [1] 3 0.05
63 6 [2, 3] 1 0.05
63 8 [1] 3 0.04
63 7 [1, 3] 2 0.04
63 8 [1] 3 0.04
63 5 [0, 3] 1 0.05
63 6 [2, 3] 1 0.04
63 7 [1, 3] 2 0.05
63 8 [1] 3 0.05
63 7 [1, 3] 2 0.04
63 7 [1, 3] 0 0.05
63 7 [1, 3] 2 0.05
63 8 [1] 0 0.05
63 7 [1, 3] 2 0.05
63 7 [1, 3] 2 0.05
63 8 [1] 0 0.05
63 6 [2, 3] 1 0.04
63 5 [0, 3] 1 0.05
63 8 [1] 0 0.04
63 7 [1, 3] 2 0.04
63 1 [2, 3] 0 0.04
63 8 [1] 0 0.05
63 1 [2, 3] 0 0.05
63 8 [1] 3 0.04
63 8 [1] 3 0.05
63 8 [1] 3 0.05
63 7 [1, 3] 2 0.05
63 0 [0, 1, 3] 2 0.05
63 7 [1, 3] 2 0.05
63 5 [0, 3] 1 0.05
63 8 [1] 0 0.05
63 8 [1] 3 0.05
63 8 [1] 0 0.05
63 7 [1, 3] 2 0.05
63 7 [1, 3] 2 0.05
63 5 [0, 3] 1 0.05
63 8 [1] 3 0.05
63 7 [1, 3] 2 0.05
63 7 [1, 3] 2 0.04
63 7 [1, 3] 2 0.04
63 7 [1, 3] 2 0.04
63 8 [1] 0 0.04
63 7 [1, 3] 0 0.04
63 8 [1] 0 0.04
63 7 [1, 3] 2 0.04
63 7 [1, 3] 2 0.04
63 7 [1, 3] 2 0.04
63 7 [1, 3] 2 0.04
63 7 [1, 3] 2 0.04
63 7 [1, 3] 2 0.04
63 7 [1, 3] 2 0.04
63 8 [1] 3 0.04
63 7 [1, 3] 2 0.04
63 8 [1] 0 0.04
63 8 [1] 3 0.04
63 7 [1, 3] 2 0.04
63 7 [1, 3] 2 0.04
63 7 [1, 3] 0 0.04
63 8 [1] 1 0.04
64 8 [1] 3 0.17
64 8 [1] 3 0.05
64 7 [1, 3] 2 0.03
64 8 [1] 0 0.02
64 8 [1] 3 0.02
64 8 [1] 3 0.02
64 7 [1, 3] 2 0.03
64 7 [1, 3] 2 0.03
64 7 [1, 3] 2 0.03
64 7 [1, 3] 2 0.03
64 7 [1, 3] 2 0.03
64 8 [1] 0 0.03
64 7 [1, 3] 2 0.03
64 8 [1] 0 0.03
64 7 [1, 3] 2 0.03
64 8 [1] 3 0.03
64 7 [1, 3] 2 0.03
64 8 [1] 3 0.03
64 7 [1, 3] 2 0.03
64 7 [1, 3] 2 0.03
64 5 [0, 3] 1 0.03
64 7 [1, 3] 2 0.03
64 5 [0, 3] 1 0.03
64 7 [1, 3] 0 0.03
64 8 [1] 3 0.03
64 8 [1] 3 0.03
64 7 [1, 3] 2 0.03
64 7 [1, 3] 2 0.03
64 7 [1, 3] 2 0.03
64 8 [1] 3 0.03
64 7 [1, 3] 2 0.03
64 7 [1, 3] 2 0.03
64 7 [1, 3] 2 0.03
64 8 [1] 3 0.03
64 7 [1, 3] 2 0.03
64 8 [1] 3 0.03
64 7 [1, 3] 2 0.03
64 8 [1] 3 0.03
64 8 [1] 0 0.03
64 8 [1] 0 0.03
64 7 [1, 3] 0 0.03
64 6 [2, 3] 1 0.03
64 8 [1] 3 0.03
64 7 [1, 3] 2 0.03
64 5 [0, 3] 1 0.03
64 7 [1, 3] 0 0.03
64 7 [1, 3] 2 0.03
64 8 [1] 3 0.03
64 8 [1] 0 0.03
64 8 [1] 3 0.03
64 0 [0, 1, 3] 2 0.03
64 7 [1, 3] 2 0.03
64 8 [1] 3 0.03
64 7 [1, 3] 2 0.03
64 8 [1] 0 0.03
64 8 [1] 3 0.03
64 8 [1] 3 0.03
64 7 [1, 3] 2 0.03
64 1 [2, 3] 1 0.03
64 3 [0, 1, 2] 2 0.03
65 7 [1, 3] 2 0.06
65 6 [2, 3] 1 0.03
65 6 [2, 3] 1 0.04
65 7 [1, 3] 2 0.03
65 7 [1, 3] 0 0.03
65 7 [1, 3] 2 0.03
65 8 [1] 3 0.03
65 8 [1] 3 0.03
65 7 [1, 3] 2 0.03
65 7 [1, 3] 0 0.04
65 7 [1, 3] 2 0.03
65 7 [1, 3] 0 0.04
65 7 [1, 3] 2 0.04
65 8 [1] 0 0.03
65 8 [1] 3 0.04
65 8 [1] 3 0.04
65 8 [1] 3 0.04
65 8 [1] 3 0.04
65 7 [1, 3] 2 0.04
65 8 [1] 3 0.04
65 8 [1] 3 0.05
65 7 [1, 3] 2 0.04
65 8 [1] 3 0.04
65 7 [1, 3] 0 0.04
65 5 [0, 3] 1 0.04
65 7 [1, 3] 2 0.04
65 8 [1] 3 0.04
65 7 [1, 3] 0 0.04
65 7 [1, 3] 2 0.04
65 8 [1] 3 0.04
65 7 [1, 3] 2 0.04
65 1 [2, 3] 0 0.04
65 8 [1] 3 0.04
65 7 [1, 3] 2 0.04
65 8 [1] 3 0.04
65 7 [1, 3] 2 0.04
65 7 [1, 3] 2 0.04
65 7 [1, 3] 2 0.04
65 7 [1, 3] 2 0.04
65 7 [1, 3] 2 0.04
65 7 [1, 3] 2 0.04
65 7 [1, 3] 2 0.04
65 8 [1] 3 0.04
65 6 [2, 3] 1 0.04
65 7 [1, 3] 2 0.04
65 8 [1] 3 0.03
65 8 [1] 3 0.04
65 5 [0, 3] 1 0.04
65 7 [1, 3] 2 0.04
65 7 [1, 3] 2 0.04
65 5 [0, 3] 1 0.04
65 7 [1, 3] 2 0.04
65 7 [1, 3] 2 0.04
65 8 [1] 3 0.04
65 8 [1] 3 0.04
65 5 [0, 3] 1 0.04
65 7 [1, 3] 2 0.04
65 8 [1] 3 0.04
65 8 [1] 3 0.04
65 7 [1, 3] 2 0.03
65 7 [1, 3] 0 0.03
65 8 [1] 3 0.03
65 7 [1, 3] 2 0.03
65 8 [1] 0 0.03
65 6 [2, 3] 2 0.03
66 6 [2, 3] 1 0.03
66 7 [1, 3] 2 0.02
66 8 [1] 3 0.02
66 8 [1] 0 0.03
66 8 [1] 0 0.03
66 1 [2, 3] 0 0.04
66 8 [1] 0 0.04
66 7 [1, 3] 2 0.04
66 8 [1] 3 0.04
66 8 [1] 3 0.04
66 5 [0, 3] 1 0.03
66 5 [0, 3] 2 0.03
66 7 [1, 3] 2 0.03
66 8 [1] 3 0.03
66 7 [1, 3] 2 0.03
66 7 [1, 3] 2 0.03
66 8 [1] 3 0.03
66 7 [1, 3] 2 0.03
66 7 [1, 3] 2 0.04
66 8 [1] 3 0.04
66 8 [1] 3 0.04
66 8 [1] 3 0.04
66 7 [1, 3] 2 0.04
66 7 [1, 3] 2 0.04
66 8 [1] 0 0.04
66 8 [1] 3 0.04
66 8 [1] 3 0.04
66 7 [1, 3] 2 0.04
66 7 [1, 3] 2 0.04
66 8 [1] 0 0.04
66 8 [1] 3 0.04
66 1 [2, 3] 0 0.04
66 8 [1] 3 0.03
66 8 [1] 0 0.03
66 7 [1, 3] 2 0.03
66 8 [1] 3 0.03
66 8 [1] 0 0.04
66 5 [0, 3] 1 0.04
66 8 [1] 3 0.04
66 7 [1, 3] 2 0.04
66 8 [1] 3 0.04
66 8 [1] 0 0.04
66 7 [1, 3] 2 0.04
66 7 [1, 3] 0 0.04
66 6 [2, 3] 1 0.04
66 7 [1, 3] 0 0.04
66 7 [1, 3] 2 0.04
66 8 [1] 0 0.04
66 7 [1, 3] 2 0.04
66 8 [1] 0 0.04
66 5 [0, 3] 1 0.04
66 1 [2, 3] 1 0.04
66 5 [0, 3] 1 0.04
66 7 [1, 3] 2 0.04
66 7 [1, 3] 2 0.04
66 8 [1] 0 0.04
66 7 [1, 3] 2 0.04
66 7 [1, 3] 2 0.04
66 8 [1] 3 0.04
66 7 [1, 3] 2 0.04
66 8 [1] 3 0.04
66 5 [0, 3] 1 0.04
66 1 [2, 3] 1 0.04
66 8 [1] 3 0.04
66 7 [1, 3] 2 0.04
66 8 [1] 3 0.04
66 8 [1] 3 0.04
66 1 [2, 3] 0 0.04
66 8 [1] 2 0.04
66 7 [1, 3] 2 0.04
66 7 [1, 3] 2 0.04
66 7 [1, 3] 2 0.04
66 7 [1, 3] 2 0.04
66 7 [1, 3] 2 0.04
66 8 [1] 3 0.04
66 7 [1, 3] 2 0.04
66 7 [1, 3] 2 0.04
66 7 [1, 3] 2 0.04
66 8 [1] 3 0.04
66 5 [0, 3] 1 0.04
66 8 [1] 3 0.04
66 9 [0, 1, 2] 2 0.04
67 7 [1, 3] 2 0.01
67 8 [1] 3 0.01
67 7 [1, 3] 0 0.01
67 7 [1, 3] 0 0.01
67 7 [1, 3] 2 0.01
67 7 [1, 3] 2 0.02
67 7 [1, 3] 2 0.02
67 7 [1, 3] 2 0.02
67 7 [1, 3] 0 0.02
67 7 [1, 3] 2 0.02
67 7 [1, 3] 2 0.02
67 7 [1, 3] 2 0.02
67 7 [1, 3] 2 0.02
67 7 [1, 3] 2 0.02
67 7 [1, 3] 2 0.02
67 6 [2, 3] 1 0.02
67 7 [1, 3] 2 0.02
67 1 [2, 3] 1 0.02
67 7 [1, 3] 2 0.02
67 7 [1, 3] 2 0.02
67 7 [1, 3] 2 0.02
67 2 [0, 2, 3] 1 0.02
67 5 [0, 3] 1 0.02
67 7 [1, 3] 2 0.02
67 7 [1, 3] 2 0.02
67 7 [1, 3] 2 0.02
67 8 [1] 3 0.02
67 5 [0, 3] 1 0.02
67 8 [1] 3 0.02
67 8 [1] 3 0.02
67 8 [1] 3 0.02
67 8 [1] 3 0.03
67 7 [1, 3] 2 0.03
67 8 [1] 3 0.03
67 8 [1] 0 0.03
67 8 [1] 3 0.03
67 8 [1] 3 0.03
67 8 [1] 0 0.03
67 8 [1] 3 0.03
67 1 [2, 3] 1 0.03
67 7 [1, 3] 2 0.03
67 7 [1, 3] 2 0.03
67 5 [0, 3] 1 0.03
67 7 [1, 3] 2 0.03
67 8 [1] 0 0.03
67 7 [1, 3] 2 0.03
67 8 [1] 3 0.03
67 8 [1] 3 0.03
67 8 [1] 3 0.03
67 8 [1] 3 0.03
67 8 [1] 3 0.03
67 7 [1, 3] 2 0.03
67 7 [1, 3] 2 0.03
67 8 [1] 3 0.03
67 7 [1, 3] 2 0.03
67 8 [1] 3 0.03
67 7 [1, 3] 2 0.03
67 5 [0, 3] 1 0.03
67 7 [1, 3] 0 0.03
67 7 [1, 3] 2 0.03
67 8 [1] 3 0.03
67 5 [0, 3] 1 0.03
67 5 [0, 3] 0 0.03
68 8 [1] 0 0.03
68 8 [1] 3 0.05
68 7 [1, 3] 2 0.04
68 7 [1, 3] 2 0.03
68 7 [1, 3] 2 0.04
68 4 [0, 2, 3] 1 0.04
68 8 [1] 3 0.04
68 8 [1] 3 0.04
68 7 [1, 3] 0 0.04
68 8 [1] 0 0.04
68 8 [1] 3 0.04
68 8 [1] 3 0.04
68 7 [1, 3] 2 0.04
68 8 [1] 0 0.05
68 8 [1] 3 0.04
68 8 [1] 3 0.04
68 7 [1, 3] 0 0.04
68 2 [0, 2, 3] 1 0.03
68 8 [1] 3 0.03
68 8 [1] 3 0.03
68 7 [1, 3] 0 0.03
68 7 [1, 3] 2 0.03
68 7 [1, 3] 0 0.03
68 7 [1, 3] 0 0.03
68 8 [1] 0 0.03
68 7 [1, 3] 2 0.03
68 8 [1] 3 0.03
68 7 [1, 3] 2 0.03
68 8 [1] 3 0.03
68 7 [1, 3] 2 0.03
68 7 [1, 3] 2 0.03
68 8 [1] 3 0.03
68 8 [1] 3 0.03
68 8 [1] 3 0.03
68 7 [1, 3] 2 0.03
68 7 [1, 3] 2 0.03
68 7 [1, 3] 2 0.03
68 7 [1, 3] 2 0.03
68 8 [1] 3 0.02
68 8 [1] 0 0.02
68 7 [1, 3] 2 0.03
68 7 [1, 3] 2 0.02
68 8 [1] 3 0.02
68 7 [1, 3] 0 0.02
68 8 [1] 3 0.02
68 7 [1, 3] 2 0.02
68 7 [1, 3] 2 0.02
68 9 [0, 1, 2] 2 0.02
69 7 [1, 3] 0 0.02
69 7 [1, 3] 2 0.03
69 7 [1, 3] 2 0.04
69 8 [1] 0 0.05
69 7 [1, 3] 2 0.04
69 8 [1] 3 0.04
69 8 [1] 3 0.03
69 7 [1, 3] 2 0.04
69 8 [1] 0 0.04
69 7 [1, 3] 2 0.04
69 5 [0, 3] 1 0.05
69 8 [1] 3 0.05
69 8 [1] 3 0.05
69 7 [1, 3] 2 0.06
69 8 [1] 3 0.06
69 8 [1] 3 0.05
69 8 [1] 0 0.05
69 8 [1] 0 0.04
69 8 [1] 3 0.05
69 6 [2, 3] 1 0.04
69 7 [1, 3] 2 0.04
69 7 [1, 3] 2 0.04
69 7 [1, 3] 2 0.04
69 6 [2, 3] 1 0.04
69 8 [1] 0 0.04
69 5 [0, 3] 1 0.04
69 8 [1] 0 0.03
69 8 [1] 0 0.03
69 7 [1, 3] 2 0.03
69 8 [1] 3 0.03
69 8 [1] 3 0.03
69 7 [1, 3] 2 0.03
69 7 [1, 3] 2 0.03
69 5 [0, 3] 1 0.03
69 7 [1, 3] 2 0.03
69 7 [1, 3] 2 0.03
69 7 [1, 3] 0 0.03
69 8 [1] 3 0.04
69 8 [1] 3 0.03
69 7 [1, 3] 2 0.03
69 7 [1, 3] 2 0.03
69 7 [1, 3] 2 0.03
69 8 [1] 3 0.04
69 7 [1, 3] 2 0.04
69 8 [1] 3 0.04
69 8 [1] 3 0.04
69 8 [1] 3 0.03
69 7 [1, 3] 2 0.03
69 7 [1, 3] 0 0.03
69 7 [1, 3] 2 0.03
69 7 [1, 3] 2 0.03
69 7 [1, 3] 2 0.03
69 7 [1, 3] 2 0.03
69 8 [1] 3 0.03
69 7 [1, 3] 2 0.03
69 7 [1, 3] 0 0.03
69 7 [1, 3] 0 0.03
69 8 [1] 0 0.03
69 2 [0, 2, 3] 1 0.03
69 7 [1, 3] 0 0.03
69 7 [1, 3] 2 0.03
69 1 [2, 3] 3 0.03
70 8 [1] 3 0.02
70 5 [0, 3] 1 0.03
70 5 [0, 3] 1 0.04
70 7 [1, 3] 2 0.03
70 8 [1] 3 0.03
70 7 [1, 3] 2 0.04
70 8 [1] 3 0.04
70 7 [1, 3] 2 0.04
70 1 [2, 3] 1 0.04
70 8 [1] 3 0.04
70 2 [0, 2, 3] 1 0.03
70 8 [1] 3 0.03
70 7 [1, 3] 2 0.04
70 8 [1] 3 0.04
70 8 [1] 3 0.04
70 8 [1] 3 0.04
70 8 [1] 3 0.04
70 8 [1] 3 0.04
70 8 [1] 3 0.05
70 8 [1] 3 0.05
70 8 [1] 3 0.05
70 8 [1] 3 0.05
70 2 [0, 2, 3] 1 0.05
70 6 [2, 3] 1 0.05
70 4 [0, 2, 3] 1 0.05
70 8 [1] 0 0.06
70 7 [1, 3] 2 0.05
70 7 [1, 3] 2 0.06
70 7 [1, 3] 2 0.05
70 7 [1, 3] 2 0.06
70 8 [1] 3 0.06
70 6 [2, 3] 1 0.05
70 7 [1, 3] 2 0.05
70 7 [1, 3] 2 0.04
70 7 [1, 3] 2 0.04
70 8 [1] 3 0.04
70 8 [1] 0 0.04
70 8 [1] 3 0.04
70 8 [1] 3 0.04
70 8 [1] 3 0.04
70 8 [1] 3 0.05
70 6 [2, 3] 0 0.04
70 5 [0, 3] 1 0.04
70 7 [1, 3] 2 0.04
70 7 [1, 3] 2 0.04
70 7 [1, 3] 2 0.04
70 2 [0, 2, 3] 1 0.04
70 7 [1, 3] 2 0.04
70 7 [1, 3] 2 0.04
70 8 [1] 3 0.04
70 7 [1, 3] 2 0.04
70 1 [2, 3] 0 0.04
70 8 [1] 3 0.04
70 7 [1, 3] 2 0.04
70 7 [1, 3] 2 0.04
70 7 [1, 3] 2 0.04
70 7 [1, 3] 2 0.04
70 7 [1, 3] 2 0.04
70 8 [1] 3 0.04
70 8 [1] 3 0.04
70 8 [1] 3 0.04
70 8 [1] 3 0.04
70 8 [1] 3 0.04
70 8 [1] 3 0.05
70 8 [1] 3 0.05
70 8 [1] 3 0.05
70 7 [1, 3] 2 0.05
70 8 [1] 3 0.05
70 8 [1] 3 0.05
70 8 [1] 0 0.04
70 8 [1] 0 0.04
70 8 [1] 0 0.05
70 7 [1, 3] 2 0.05
70 7 [1, 3] 2 0.05
70 7 [1, 3] 2 0.05
70 7 [1, 3] 2 0.05
70 4 [0, 2, 3] 1 0.05
70 7 [1, 3] 2 0.05
70 8 [1] 0 0.05
70 8 [1] 0 0.05
70 7 [1, 3] 2 0.05
70 1 [2, 3] 0 0.05
70 8 [1] 0 0.05
70 5 [0, 3] 1 0.05
70 8 [1] 3 0.05
70 7 [1, 3] 2 0.05
70 7 [1, 3] 2 0.05
70 7 [1, 3] 2 0.05
70 7 [1, 3] 2 0.05
70 6 [2, 3] 1 0.05
70 3 [0, 1, 2] 0 0.04
71 8 [1] 0 0.04
71 8 [1] 3 0.04
71 7 [1, 3] 0 0.04
71 8 [1] 0 0.03
71 8 [1] 3 0.02
71 4 [0, 2, 3] 1 0.02
71 7 [1, 3] 2 0.02
71 8 [1] 3 0.02
71 8 [1] 0 0.02
71 7 [1, 3] 0 0.03
71 8 [1] 3 0.03
71 8 [1] 3 0.03
71 8 [1] 3 0.03
71 6 [2, 3] 1 0.03
71 7 [1, 3] 2 0.03
71 8 [1] 3 0.03
71 8 [1] 0 0.03
71 7 [1, 3] 0 0.03
71 7 [1, 3] 2 0.03
71 8 [1] 3 0.03
71 8 [1] 3 0.03
71 5 [0, 3] 1 0.03
71 8 [1] 3 0.03
71 8 [1] 3 0.04
71 8 [1] 3 0.04
71 8 [1] 0 0.04
71 8 [1] 3 0.04
71 8 [1] 3 0.04
71 7 [1, 3] 2 0.04
71 8 [1] 0 0.04
71 8 [1] 3 0.04
71 7 [1, 3] 2 0.04
71 8 [1] 0 0.04
71 8 [1] 0 0.04
71 7 [1, 3] 2 0.04
71 7 [1, 3] 2 0.04
71 8 [1] 3 0.04
71 7 [1, 3] 2 0.04
71 8 [1] 3 0.04
71 8 [1] 3 0.04
71 8 [1] 3 0.04
71 8 [1] 3 0.04
71 8 [1] 3 0.04
71 7 [1, 3] 2 0.04
71 7 [1, 3] 2 0.04
71 7 [1, 3] 2 0.04
71 8 [1] 3 0.04
71 2 [0, 2, 3] 1 0.04
71 7 [1, 3] 2 0.04
71 7 [1, 3] 2 0.04
71 7 [1, 3] 2 0.04
71 8 [1] 3 0.04
71 7 [1, 3] 2 0.04
71 7 [1, 3] 2 0.04
71 7 [1, 3] 2 0.03
71 7 [1, 3] 2 0.04
71 8 [1] 0 0.04
71 7 [1, 3] 2 0.04
71 7 [1, 3] 2 0.04
71 7 [1, 3] 2 0.04
71 2 [0, 2, 3] 1 0.04
71 8 [1] 3 0.04
71 7 [1, 3] 2 0.04
71 8 [1] 0 0.03
71 7 [1, 3] 2 0.03
71 8 [1] 3 0.03
71 7 [1, 3] 2 0.03
71 7 [1, 3] 2 0.03
71 9 [0, 1, 2] 2 0.03
72 5 [0, 3] 1 0.02
72 5 [0, 3] 1 0.02
72 7 [1, 3] 2 0.02
72 7 [1, 3] 0 0.02
72 7 [1, 3] 2 0.02
72 7 [1, 3] 0 0.02
72 7 [1, 3] 2 0.02
72 8 [1] 0 0.02
72 7 [1, 3] 0 0.02
72 7 [1, 3] 0 0.02
72 7 [1, 3] 2 0.01
72 8 [1] 3 0.02
72 8 [1] 0 0.02
72 7 [1, 3] 2 0.02
72 7 [1, 3] 2 0.02
72 8 [1] 3 0.02
72 7 [1, 3] 2 0.02
72 8 [1] 3 0.02
72 5 [0, 3] 1 0.02
72 7 [1, 3] 2 0.02
72 5 [0, 3] 1 0.02
72 8 [1] 3 0.02
72 7 [1, 3] 2 0.02
72 5 [0, 3] 1 0.02
72 7 [1, 3] 2 0.02
72 7 [1, 3] 2 0.02
72 8 [1] 3 0.02
72 7 [1, 3] 2 0.02
72 7 [1, 3] 2 0.02
72 7 [1, 3] 2 0.02
72 8 [1] 0 0.02
72 7 [1, 3] 2 0.02
72 8 [1] 0 0.03
72 7 [1, 3] 0 0.03
72 1 [2, 3] 0 0.02
72 8 [1] 0 0.02
72 7 [1, 3] 2 0.02
72 7 [1, 3] 2 0.02
72 5 [0, 3] 1 0.03
72 7 [1, 3] 2 0.03
72 8 [1] 3 0.03
72 8 [1] 3 0.03
72 7 [1, 3] 2 0.03
72 7 [1, 3] 2 0.03
72 7 [1, 3] 2 0.03
72 7 [1, 3] 2 0.03
72 8 [1] 2 0.03
72 8 [1] 3 0.03
72 8 [1] 3 0.03
72 8 [1] 2 0.03
72 5 [0, 3] 1 0.03
72 7 [1, 3] 2 0.03
72 8 [1] 3 0.03
72 8 [1] 0 0.03
72 1 [2, 3] 1 0.03
72 8 [1] 0 0.03
72 9 [0, 1, 2] 2 0.03
73 8 [1] 0 0.33
73 6 [2, 3] 1 0.25
73 7 [1, 3] 0 0.21
73 7 [1, 3] 2 0.07
73 7 [1, 3] 0 0.08
73 7 [1, 3] 2 0.07
73 8 [1] 3 0.07
73 8 [1] 3 0.07
73 7 [1, 3] 2 0.06
73 8 [1] 3 0.05
73 7 [1, 3] 2 0.05
73 8 [1] 0 0.06
73 8 [1] 3 0.05
73 8 [1] 3 0.05
73 7 [1, 3] 2 0.04
73 8 [1] 3 0.04
73 8 [1] 3 0.04
73 7 [1, 3] 2 0.04
73 0 [0, 1, 3] 2 0.04
73 7 [1, 3] 2 0.04
73 7 [1, 3] 2 0.04
73 7 [1, 3] 0 0.04
73 8 [1] 3 0.04
73 7 [1, 3] 2 0.04
73 7 [1, 3] 2 0.04
73 8 [1] 3 0.04
73 1 [2, 3] 1 0.04
73 7 [1, 3] 2 0.04
73 7 [1, 3] 2 0.03
73 8 [1] 3 0.03
73 7 [1, 3] 2 0.03
73 8 [1] 3 0.03
73 8 [1] 3 0.04
73 8 [1] 0 0.04
73 8 [1] 3 0.04
73 7 [1, 3] 2 0.04
73 8 [1] 3 0.04
73 7 [1, 3] 2 0.04
73 7 [1, 3] 2 0.04
73 7 [1, 3] 2 0.04
73 7 [1, 3] 2 0.04
73 7 [1, 3] 2 0.04
73 8 [1] 3 0.04
73 7 [1, 3] 2 0.04
73 7 [1, 3] 2 0.04
73 7 [1, 3] 2 0.04
73 7 [1, 3] 2 0.04
73 8 [1] 3 0.04
73 7 [1, 3] 2 0.04
73 7 [1, 3] 2 0.04
73 5 [0, 3] 2 0.04
73 8 [1] 3 0.04
73 8 [1] 3 0.04
73 7 [1, 3] 2 0.04
73 7 [1, 3] 2 0.04
73 8 [1] 3 0.04
73 7 [1, 3] 2 0.04
73 7 [1, 3] 2 0.04
73 8 [1] 0 0.04
73 7 [1, 3] 2 0.04
73 7 [1, 3] 0 0.04
73 5 [0, 3] 1 0.04
73 7 [1, 3] 0 0.04
73 8 [1] 3 0.04
73 8 [1] 3 0.04
73 8 [1] 3 0.04
73 7 [1, 3] 2 0.04
73 8 [1] 3 0.04
73 8 [1] 3 0.04
73 8 [1] 3 0.04
73 7 [1, 3] 2 0.04
73 8 [1] 0 0.04
73 8 [1] 3 0.04
73 8 [1] 3 0.04
73 8 [1] 2 0.04
73 1 [2, 3] 1 0.04
73 7 [1, 3] 2 0.04
73 7 [1, 3] 2 0.04
73 7 [1, 3] 0 0.04
73 7 [1, 3] 2 0.04
73 2 [0, 2, 3] 1 0.04
73 7 [1, 3] 2 0.04
73 1 [2, 3] 2 0.04
74 7 [1, 3] 2 0.02
74 8 [1] 3 0.04
74 4 [0, 2, 3] 1 0.03
74 7 [1, 3] 2 0.04
74 8 [1] 0 0.04
74 7 [1, 3] 2 0.05
74 8 [1] 3 0.05
74 8 [1] 3 0.04
74 8 [1] 3 0.04
74 8 [1] 3 0.04
74 7 [1, 3] 2 0.04
74 8 [1] 0 0.04
74 8 [1] 3 0.04
74 8 [1] 3 0.04
74 8 [1] 3 0.05
74 8 [1] 3 0.05
74 5 [0, 3] 1 0.05
74 6 [2, 3] 1 0.05
74 6 [2, 3] 1 0.05
74 7 [1, 3] 0 0.05
74 8 [1] 3 0.05
74 7 [1, 3] 2 0.04
74 6 [2, 3] 1 0.04
74 7 [1, 3] 2 0.04
74 7 [1, 3] 0 0.04
74 8 [1] 3 0.04
74 6 [2, 3] 1 0.04
74 8 [1] 3 0.04
74 7 [1, 3] 2 0.04
74 8 [1] 3 0.05
74 7 [1, 3] 2 0.05
74 1 [2, 3] 0 0.04
74 1 [2, 3] 0 0.04
74 8 [1] 0 0.04
74 8 [1] 3 0.04
74 5 [0, 3] 1 0.04
74 8 [1] 3 0.04
74 7 [1, 3] 2 0.03
74 7 [1, 3] 2 0.04
74 8 [1] 3 0.04
74 8 [1] 3 0.04
74 8 [1] 3 0.04
74 8 [1] 3 0.04
74 8 [1] 3 0.04
74 8 [1] 3 0.04
74 8 [1] 3 0.04
74 8 [1] 3 0.04
74 7 [1, 3] 2 0.04
74 8 [1] 3 0.04
74 7 [1, 3] 2 0.04
74 8 [1] 3 0.04
74 8 [1] 3 0.04
74 7 [1, 3] 2 0.04
74 7 [1, 3] 2 0.04
74 7 [1, 3] 2 0.04
74 7 [1, 3] 2 0.04
74 7 [1, 3] 2 0.04
74 8 [1] 3 0.04
74 8 [1] 0 0.04
74 7 [1, 3] 2 0.04
74 7 [1, 3] 2 0.04
74 7 [1, 3] 2 0.04
74 8 [1] 3 0.04
74 8 [1] 0 0.04
74 8 [1] 0 0.04
74 7 [1, 3] 2 0.04
74 8 [1] 3 0.04
74 7 [1, 3] 0 0.04
74 2 [0, 2, 3] 1 0.04
74 1 [2, 3] 1 0.04
74 7 [1, 3] 2 0.04
74 4 [0, 2, 3] 1 0.04
74 7 [1, 3] 2 0.04
74 7 [1, 3] 2 0.04
74 5 [0, 3] 3 0.04
75 7 [1, 3] 2 0.05
75 8 [1] 3 0.04
75 8 [1] 3 0.06
75 5 [0, 3] 1 0.07
75 5 [0, 3] 1 0.06
75 7 [1, 3] 2 0.07
75 5 [0, 3] 1 0.07
75 7 [1, 3] 2 0.08
75 8 [1] 3 0.08
75 7 [1, 3] 2 0.05
75 8 [1] 3 0.04
75 7 [1, 3] 0 0.05
75 7 [1, 3] 2 0.05
75 7 [1, 3] 2 0.05
75 7 [1, 3] 2 0.05
75 7 [1, 3] 2 0.06
75 8 [1] 0 0.04
75 8 [1] 3 0.04
75 8 [1] 3 0.04
75 8 [1] 3 0.05
75 8 [1] 3 0.05
75 2 [0, 2, 3] 1 0.04
75 7 [1, 3] 2 0.04
75 7 [1, 3] 2 0.04
75 7 [1, 3] 2 0.04
75 8 [1] 3 0.04
75 8 [1] 0 0.04
75 7 [1, 3] 2 0.04
75 8 [1] 3 0.04
75 8 [1] 3 0.04
75 8 [1] 3 0.04
75 7 [1, 3] 2 0.04
75 7 [1, 3] 0 0.04
75 8 [1] 0 0.04
75 8 [1] 3 0.04
75 7 [1, 3] 2 0.04
75 7 [1, 3] 2 0.04
75 6 [2, 3] 1 0.04
75 7 [1, 3] 2 0.04
75 7 [1, 3] 2 0.04
75 7 [1, 3] 2 0.04
75 7 [1, 3] 2 0.04
75 1 [2, 3] 1 0.04
75 7 [1, 3] 2 0.04
75 7 [1, 3] 2 0.04
75 4 [0, 2, 3] 1 0.04
75 6 [2, 3] 1 0.04
75 7 [1, 3] 2 0.04
75 8 [1] 3 0.04
75 7 [1, 3] 2 0.04
75 7 [1, 3] 2 0.04
75 7 [1, 3] 2 0.04
75 7 [1, 3] 2 0.04
75 7 [1, 3] 2 0.04
75 8 [1] 3 0.04
75 8 [1] 3 0.04
75 7 [1, 3] 2 0.04
75 7 [1, 3] 2 0.04
75 8 [1] 0 0.04
75 8 [1] 3 0.04
75 7 [1, 3] 2 0.04
75 7 [1, 3] 2 0.04
75 5 [0, 3] 1 0.04
75 7 [1, 3] 2 0.04
75 8 [1] 3 0.04
75 7 [1, 3] 2 0.04
75 7 [1, 3] 2 0.04
75 8 [1] 3 0.04
75 7 [1, 3] 2 0.04
75 8 [1] 3 0.04
75 7 [1, 3] 2 0.04
75 7 [1, 3] 2 0.04
75 8 [1] 3 0.04
75 8 [1] 3 0.04
75 8 [1] 3 0.04
75 7 [1, 3] 2 0.04
75 5 [0, 3] 1 0.04
75 1 [2, 3] 0 0.04
75 2 [0, 2, 3] 2 0.04
76 8 [1] 3 0.02
76 7 [1, 3] 2 0.03
76 7 [1, 3] 2 0.04
76 8 [1] 0 0.02
76 7 [1, 3] 2 0.02
76 8 [1] 3 0.02
76 8 [1] 3 0.02
76 8 [1] 3 0.03
76 8 [1] 3 0.03
76 1 [2, 3] 1 0.03
76 7 [1, 3] 2 0.03
76 1 [2, 3] 0 0.03
76 8 [1] 3 0.03
76 7 [1, 3] 2 0.03
76 8 [1] 3 0.03
76 7 [1, 3] 2 0.03
76 7 [1, 3] 2 0.03
76 8 [1] 0 0.03
76 7 [1, 3] 2 0.03
76 7 [1, 3] 2 0.03
76 7 [1, 3] 2 0.03
76 8 [1] 3 0.03
76 8 [1] 3 0.04
76 5 [0, 3] 1 0.03
76 5 [0, 3] 1 0.03
76 7 [1, 3] 2 0.03
76 6 [2, 3] 1 0.03
76 7 [1, 3] 2 0.03
76 8 [1] 3 0.03
76 8 [1] 3 0.03
76 5 [0, 3] 1 0.03
76 7 [1, 3] 2 0.03
76 7 [1, 3] 2 0.03
76 8 [1] 3 0.03
76 8 [1] 3 0.03
76 8 [1] 3 0.03
76 8 [1] 0 0.03
76 8 [1] 0 0.03
76 1 [2, 3] 1 0.03
76 2 [0, 2, 3] 1 0.03
76 1 [2, 3] 1 0.03
76 8 [1] 0 0.03
76 8 [1] 3 0.03
76 8 [1] 0 0.03
76 8 [1] 0 0.03
76 7 [1, 3] 2 0.03
76 8 [1] 0 0.04
76 8 [1] 3 0.03
76 5 [0, 3] 1 0.03
76 1 [2, 3] 0 0.04
76 5 [0, 3] 1 0.03
76 7 [1, 3] 2 0.03
76 8 [1] 3 0.03
76 8 [1] 3 0.03
76 8 [1] 3 0.03
76 5 [0, 3] 1 0.03
76 8 [1] 3 0.03
76 8 [1] 3 0.03
76 7 [1, 3] 2 0.03
76 7 [1, 3] 2 0.03
76 7 [1, 3] 2 0.03
76 7 [1, 3] 0 0.03
76 7 [1, 3] 2 0.03
76 7 [1, 3] 0 0.03
76 7 [1, 3] 2 0.03
76 7 [1, 3] 2 0.03
76 8 [1] 3 0.03
76 7 [1, 3] 2 0.03
76 4 [0, 2, 3] 0 0.03
77 7 [1, 3] 2 0.17
77 8 [1] 3 0.04
77 8 [1] 3 0.05
77 4 [0, 2, 3] 1 0.07
77 7 [1, 3] 0 0.07
77 4 [0, 2, 3] 1 0.07
77 8 [1] 3 0.07
77 7 [1, 3] 2 0.07
77 7 [1, 3] 2 0.07
77 1 [2, 3] 1 0.07
77 5 [0, 3] 1 0.06
77 8 [1] 3 0.06
77 8 [1] 3 0.07
77 8 [1] 3 0.06
77 7 [1, 3] 2 0.05
77 7 [1, 3] 2 0.05
77 7 [1, 3] 2 0.05
77 8 [1] 3 0.05
77 8 [1] 0 0.05
77 7 [1, 3] 2 0.05
77 6 [2, 3] 0 0.05
77 7 [1, 3] 2 0.05
77 8 [1] 2 0.05
77 8 [1] 3 0.05
77 8 [1] 3 0.05
77 8 [1] 3 0.05
77 7 [1, 3] 2 0.05
77 8 [1] 3 0.05
77 5 [0, 3] 2 0.05
77 7 [1, 3] 2 0.04
77 2 [0, 2, 3] 1 0.04
77 7 [1, 3] 2 0.05
77 7 [1, 3] 2 0.05
77 7 [1, 3] 2 0.05
77 7 [1, 3] 2 0.05
77 7 [1, 3] 2 0.04
77 7 [1, 3] 2 0.05
77 7 [1, 3] 2 0.04
77 8 [1] 0 0.05
77 7 [1, 3] 2 0.04
77 8 [1] 3 0.04
77 7 [1, 3] 2 0.04
77 7 [1, 3] 2 0.04
77 7 [1, 3] 2 0.04
77 7 [1, 3] 2 0.04
77 7 [1, 3] 0 0.04
77 7 [1, 3] 2 0.04
77 7 [1, 3] 2 0.04
77 7 [1, 3] 2 0.04
77 7 [1, 3] 2 0.04
77 7 [1, 3] 2 0.04
77 7 [1, 3] 2 0.04
77 7 [1, 3] 2 0.04
77 7 [1, 3] 2 0.04
77 7 [1, 3] 2 0.04
77 8 [1] 3 0.04
77 7 [1, 3] 2 0.04
77 7 [1, 3] 2 0.04
77 7 [1, 3] 2 0.04
77 8 [1] 0 0.04
77 7 [1, 3] 2 0.04
77 5 [0, 3] 1 0.04
77 7 [1, 3] 2 0.04
77 7 [1, 3] 2 0.04
77 7 [1, 3] 2 0.04
77 7 [1, 3] 2 0.04
77 4 [0, 2, 3] 1 0.04
77 7 [1, 3] 2 0.04
77 6 [2, 3] 1 0.04
77 6 [2, 3] 1 0.04
77 6 [2, 3] 1 0.04
77 8 [1] 0 0.04
77 2 [0, 2, 3] 1 0.04
77 7 [1, 3] 2 0.04
77 5 [0, 3] 1 0.04
77 7 [1, 3] 2 0.04
77 8 [1] 3 0.04
77 8 [1] 0 0.04
77 1 [2, 3] 3 0.04
78 7 [1, 3] 2 0.05
78 1 [2, 3] 1 0.07
78 7 [1, 3] 2 0.07
78 8 [1] 0 0.02
78 7 [1, 3] 2 0.03
78 7 [1, 3] 2 0.03
78 7 [1, 3] 2 0.03
78 8 [1] 3 0.03
78 8 [1] 3 0.04
78 8 [1] 3 0.03
78 1 [2, 3] 1 0.04
78 6 [2, 3] 1 0.03
78 5 [0, 3] 1 0.04
78 7 [1, 3] 0 0.04
78 1 [2, 3] 0 0.04
78 7 [1, 3] 2 0.04
78 8 [1] 0 0.04
78 7 [1, 3] 2 0.05
78 7 [1, 3] 2 0.05
78 7 [1, 3] 2 0.05
78 7 [1, 3] 2 0.05
78 2 [0, 2, 3] 1 0.05
78 7 [1, 3] 2 0.05
78 7 [1, 3] 0 0.06
78 8 [1] 0 0.05
78 8 [1] 0 0.05
78 7 [1, 3] 2 0.06
78 7 [1, 3] 2 0.05
78 7 [1, 3] 2 0.05
78 8 [1] 3 0.05
78 7 [1, 3] 2 0.05
78 7 [1, 3] 2 0.05
78 8 [1] 3 0.05
78 6 [2, 3] 0 0.05
78 1 [2, 3] 1 0.05
78 8 [1] 0 0.05
78 7 [1, 3] 2 0.05
78 7 [1, 3] 0 0.05
78 8 [1] 3 0.05
78 8 [1] 3 0.05
78 8 [1] 0 0.05
78 7 [1, 3] 2 0.05
78 1 [2, 3] 0 0.05
78 7 [1, 3] 2 0.05
78 8 [1] 3 0.05
78 7 [1, 3] 2 0.05
78 5 [0, 3] 1 0.05
78 1 [2, 3] 0 0.05
78 5 [0, 3] 1 0.05
78 7 [1, 3] 2 0.05
78 7 [1, 3] 2 0.05
78 7 [1, 3] 2 0.05
78 5 [0, 3] 1 0.05
78 7 [1, 3] 2 0.05
78 7 [1, 3] 2 0.05
78 8 [1] 3 0.05
78 8 [1] 3 0.05
78 8 [1] 3 0.05
78 8 [1] 3 0.05
78 8 [1] 3 0.05
78 7 [1, 3] 2 0.05
78 7 [1, 3] 2 0.05
78 8 [1] 3 0.05
78 7 [1, 3] 2 0.05
78 8 [1] 3 0.05
78 7 [1, 3] 2 0.05
78 7 [1, 3] 2 0.05
78 7 [1, 3] 2 0.05
78 8 [1] 3 0.05
78 7 [1, 3] 2 0.05
78 7 [1, 3] 2 0.05
78 8 [1] 3 0.05
78 8 [1] 3 0.05
78 7 [1, 3] 2 0.05
78 8 [1] 3 0.05
78 8 [1] 3 0.05
78 8 [1] 3 0.05
78 8 [1] 3 0.05
78 7 [1, 3] 2 0.05
78 7 [1, 3] 2 0.05
78 7 [1, 3] 2 0.04
78 7 [1, 3] 2 0.04
78 8 [1] 3 0.04
78 5 [0, 3] 3 0.04
79 8 [1] 3 0.08
79 7 [1, 3] 2 0.07
79 7 [1, 3] 2 0.08
79 4 [0, 2, 3] 1 0.04
79 5 [0, 3] 1 0.03
79 1 [2, 3] 0 0.03
79 6 [2, 3] 1 0.04
79 8 [1] 3 0.04
79 8 [1] 3 0.04
79 7 [1, 3] 2 0.04
79 8 [1] 3 0.05
79 5 [0, 3] 1 0.05
79 7 [1, 3] 2 0.05
79 7 [1, 3] 2 0.05
79 7 [1, 3] 0 0.05
79 1 [2, 3] 1 0.05
79 8 [1] 3 0.05
79 8 [1] 3 0.05
79 5 [0, 3] 1 0.05
79 7 [1, 3] 2 0.06
79 8 [1] 3 0.05
79 6 [2, 3] 1 0.05
79 8 [1] 0 0.05
79 8 [1] 0 0.05
79 1 [2, 3] 1 0.05
79 6 [2, 3] 1 0.05
79 7 [1, 3] 2 0.04
79 8 [1] 3 0.04
79 7 [1, 3] 2 0.04
79 7 [1, 3] 2 0.04
79 8 [1] 3 0.04
79 7 [1, 3] 2 0.04
79 7 [1, 3] 2 0.04
79 7 [1, 3] 2 0.04
79 7 [1, 3] 2 0.04
79 7 [1, 3] 2 0.04
79 6 [2, 3] 0 0.04
79 8 [1] 3 0.04
79 7 [1, 3] 2 0.04
79 7 [1, 3] 2 0.04
79 7 [1, 3] 2 0.04
79 7 [1, 3] 2 0.04
79 7 [1, 3] 2 0.04
79 4 [0, 2, 3] 1 0.04
79 8 [1] 0 0.04
79 8 [1] 3 0.04
79 8 [1] 3 0.04
79 8 [1] 3 0.04
79 8 [1] 3 0.04
79 8 [1] 3 0.04
79 1 [2, 3] 1 0.04
79 8 [1] 3 0.04
79 8 [1] 3 0.04
79 8 [1] 3 0.04
79 8 [1] 0 0.04
79 7 [1, 3] 2 0.04
79 7 [1, 3] 2 0.04
79 7 [1, 3] 2 0.04
79 7 [1, 3] 0 0.04
79 7 [1, 3] 2 0.04
79 1 [2, 3] 1 0.04
79 8 [1] 3 0.04
79 7 [1, 3] 0 0.04
79 7 [1, 3] 2 0.04
79 8 [1] 3 0.04
79 7 [1, 3] 0 0.04
79 8 [1] 3 0.04
79 8 [1] 3 0.04
79 7 [1, 3] 2 0.04
79 7 [1, 3] 2 0.04
79 8 [1] 3 0.04
79 8 [1] 0 0.04
79 7 [1, 3] 2 0.04
79 7 [1, 3] 2 0.04
79 6 [2, 3] 1 0.04
79 8 [1] 0 0.04
79 7 [1, 3] 2 0.04
79 8 [1] 3 0.04
79 8 [1] 0 0.04
79 5 [0, 3] 1 0.04
79 2 [0, 2, 3] 1 0.04
79 1 [2, 3] 2 0.04
80 8 [1] 3 0.01
80 8 [1] 3 0.01
80 7 [1, 3] 2 0.02
80 8 [1] 3 0.03
80 7 [1, 3] 2 0.03
80 8 [1] 3 0.02
80 7 [1, 3] 0 0.03
80 8 [1] 3 0.03
80 7 [1, 3] 2 0.03
80 8 [1] 3 0.04
80 8 [1] 3 0.04
80 8 [1] 3 0.04
80 8 [1] 3 0.04
80 8 [1] 3 0.04
80 7 [1, 3] 2 0.05
80 7 [1, 3] 2 0.05
80 7 [1, 3] 2 0.05
80 7 [1, 3] 2 0.05
80 7 [1, 3] 2 0.05
80 8 [1] 3 0.05
80 7 [1, 3] 2 0.04
80 7 [1, 3] 2 0.04
80 7 [1, 3] 2 0.05
80 8 [1] 3 0.05
80 7 [1, 3] 2 0.05
80 7 [1, 3] 2 0.05
80 7 [1, 3] 0 0.05
80 7 [1, 3] 2 0.04
80 8 [1] 3 0.05
80 7 [1, 3] 2 0.04
80 8 [1] 0 0.04
80 8 [1] 3 0.04
80 8 [1] 3 0.04
80 5 [0, 3] 1 0.04
80 8 [1] 3 0.04
80 7 [1, 3] 2 0.04
80 7 [1, 3] 2 0.04
80 7 [1, 3] 2 0.04
80 7 [1, 3] 2 0.04
80 6 [2, 3] 1 0.04
80 7 [1, 3] 2 0.04
80 6 [2, 3] 1 0.04
80 8 [1] 0 0.04
80 8 [1] 3 0.04
80 8 [1] 3 0.04
80 8 [1] 3 0.04
80 7 [1, 3] 2 0.04
80 7 [1, 3] 2 0.04
80 8 [1] 3 0.04
80 7 [1, 3] 2 0.04
80 5 [0, 3] 1 0.04
80 8 [1] 3 0.04
80 8 [1] 3 0.03
80 7 [1, 3] 2 0.03
80 8 [1] 3 0.03
80 8 [1] 3 0.03
80 5 [0, 3] 1 0.03
80 8 [1] 0 0.03
80 8 [1] 3 0.04
80 7 [1, 3] 2 0.04
80 8 [1] 3 0.04
80 7 [1, 3] 2 0.04
80 7 [1, 3] 0 0.03
80 7 [1, 3] 2 0.03
80 8 [1] 3 0.03
80 7 [1, 3] 2 0.03
80 8 [1] 3 0.03
80 5 [0, 3] 1 0.04
80 8 [1] 3 0.04
80 2 [0, 2, 3] 0 0.03
81 8 [1] 3 0.33
81 8 [1] 0 0.18
81 7 [1, 3] 0 0.16
81 8 [1] 3 0.11
81 8 [1] 3 0.07
81 8 [1] 3 0.05
81 8 [1] 3 0.06
81 8 [1] 3 0.07
81 8 [1] 3 0.07
81 7 [1, 3] 2 0.08
81 8 [1] 3 0.08
81 7 [1, 3] 2 0.09
81 8 [1] 0 0.09
81 8 [1] 0 0.10
81 7 [1, 3] 2 0.07
81 7 [1, 3] 0 0.06
81 8 [1] 0 0.06
81 8 [1] 3 0.07
81 7 [1, 3] 2 0.07
81 8 [1] 3 0.07
81 1 [2, 3] 1 0.07
81 8 [1] 3 0.07
81 8 [1] 3 0.06
81 7 [1, 3] 2 0.06
81 6 [2, 3] 1 0.06
81 7 [1, 3] 2 0.06
81 7 [1, 3] 2 0.06
81 5 [0, 3] 1 0.06
81 7 [1, 3] 2 0.06
81 8 [1] 3 0.05
81 7 [1, 3] 2 0.05
81 7 [1, 3] 2 0.05
81 8 [1] 3 0.05
81 8 [1] 3 0.05
81 7 [1, 3] 0 0.05
81 7 [1, 3] 2 0.05
81 7 [1, 3] 0 0.05
81 6 [2, 3] 1 0.05
81 8 [1] 0 0.05
81 8 [1] 3 0.04
81 7 [1, 3] 2 0.04
81 7 [1, 3] 2 0.04
81 7 [1, 3] 2 0.04
81 5 [0, 3] 2 0.04
81 7 [1, 3] 2 0.04
81 1 [2, 3] 1 0.04
81 5 [0, 3] 1 0.04
81 7 [1, 3] 2 0.04
81 7 [1, 3] 2 0.04
81 5 [0, 3] 1 0.04
81 7 [1, 3] 2 0.04
81 5 [0, 3] 1 0.04
81 5 [0, 3] 1 0.04
81 7 [1, 3] 2 0.04
81 8 [1] 3 0.04
81 8 [1] 0 0.04
81 7 [1, 3] 2 0.04
81 7 [1, 3] 2 0.04
81 8 [1] 3 0.04
81 7 [1, 3] 2 0.04
81 7 [1, 3] 0 0.04
81 8 [1] 3 0.04
81 7 [1, 3] 2 0.04
81 8 [1] 3 0.04
81 7 [1, 3] 2 0.04
81 7 [1, 3] 2 0.04
81 6 [2, 3] 1 0.04
81 7 [1, 3] 2 0.04
81 8 [1] 0 0.04
81 7 [1, 3] 2 0.04
81 7 [1, 3] 2 0.04
81 8 [1] 3 0.04
81 8 [1] 0 0.04
81 7 [1, 3] 2 0.04
81 8 [1] 0 0.04
81 8 [1] 0 0.04
81 7 [1, 3] 2 0.04
81 7 [1, 3] 0 0.04
81 6 [2, 3] 1 0.04
81 3 [0, 1, 2] 2 0.04
82 2 [0, 2, 3] 1 0.03
82 7 [1, 3] 2 0.02
82 8 [1] 0 0.02
82 7 [1, 3] 2 0.02
82 8 [1] 3 0.02
82 7 [1, 3] 0 0.02
82 8 [1] 3 0.02
82 8 [1] 3 0.02
82 8 [1] 3 0.02
82 8 [1] 3 0.02
82 7 [1, 3] 2 0.02
82 8 [1] 3 0.02
82 7 [1, 3] 0 0.02
82 8 [1] 3 0.02
82 8 [1] 0 0.02
82 8 [1] 0 0.02
82 8 [1] 3 0.03
82 8 [1] 3 0.03
82 8 [1] 3 0.03
82 5 [0, 3] 1 0.03
82 8 [1] 0 0.02
82 8 [1] 3 0.02
82 8 [1] 3 0.03
82 8 [1] 3 0.03
82 5 [0, 3] 1 0.03
82 7 [1, 3] 2 0.03
82 7 [1, 3] 2 0.03
82 7 [1, 3] 2 0.03
82 8 [1] 3 0.03
82 1 [2, 3] 0 0.03
82 8 [1] 3 0.03
82 5 [0, 3] 1 0.03
82 8 [1] 3 0.03
82 8 [1] 3 0.03
82 8 [1] 3 0.03
82 7 [1, 3] 2 0.03
82 7 [1, 3] 2 0.03
82 8 [1] 0 0.03
82 8 [1] 3 0.03
82 8 [1] 3 0.03
82 8 [1] 3 0.03
82 8 [1] 3 0.03
82 7 [1, 3] 2 0.03
82 8 [1] 3 0.03
82 7 [1, 3] 0 0.03
82 8 [1] 3 0.03
82 8 [1] 3 0.03
82 8 [1] 3 0.03
82 8 [1] 3 0.03
82 7 [1, 3] 2 0.03
82 8 [1] 3 0.03
82 7 [1, 3] 2 0.03
82 7 [1, 3] 2 0.03
82 7 [1, 3] 2 0.03
82 8 [1] 3 0.03
82 6 [2, 3] 1 0.03
82 6 [2, 3] 1 0.03
82 8 [1] 0 0.03
82 5 [0, 3] 1 0.03
82 7 [1, 3] 2 0.03
82 8 [1] 1 0.03
83 5 [0, 3] 1 0.33
83 7 [1, 3] 2 0.25
83 5 [0, 3] 1 0.05
83 7 [1, 3] 2 0.05
83 8 [1] 3 0.06
83 8 [1] 3 0.07
83 7 [1, 3] 2 0.04
83 8 [1] 3 0.04
83 8 [1] 3 0.04
83 7 [1, 3] 2 0.04
83 1 [2, 3] 1 0.04
83 6 [2, 3] 1 0.04
83 8 [1] 3 0.04
83 7 [1, 3] 2 0.04
83 8 [1] 3 0.04
83 8 [1] 0 0.04
83 2 [0, 2, 3] 1 0.04
83 4 [0, 2, 3] 1 0.04
83 1 [2, 3] 0 0.04
83 7 [1, 3] 0 0.04
83 7 [1, 3] 2 0.03
83 8 [1] 0 0.03
83 6 [2, 3] 0 0.03
83 8 [1] 3 0.03
83 7 [1, 3] 2 0.03
83 7 [1, 3] 2 0.04
83 8 [1] 3 0.04
83 8 [1] 0 0.03
83 7 [1, 3] 2 0.03
83 7 [1, 3] 2 0.03
83 6 [2, 3] 0 0.04
83 8 [1] 0 0.04
83 8 [1] 0 0.04
83 6 [2, 3] 1 0.04
83 7 [1, 3] 2 0.04
83 8 [1] 0 0.04
83 8 [1] 0 0.04
83 8 [1] 3 0.04
83 7 [1, 3] 0 0.04
83 7 [1, 3] 0 0.04
83 8 [1] 0 0.04
83 7 [1, 3] 0 0.04
83 7 [1, 3] 0 0.04
83 7 [1, 3] 2 0.03
83 8 [1] 3 0.03
83 8 [1] 3 0.04
83 7 [1, 3] 0 0.04
83 7 [1, 3] 2 0.04
83 8 [1] 3 0.04
83 7 [1, 3] 2 0.04
83 8 [1] 0 0.04
83 7 [1, 3] 0 0.03
83 7 [1, 3] 2 0.03
83 8 [1] 3 0.03
83 7 [1, 3] 2 0.03
83 7 [1, 3] 2 0.03
83 8 [1] 0 0.03
83 8 [1] 0 0.03
83 2 [0, 2, 3] 1 0.03
83 8 [1] 3 0.03
83 8 [1] 3 0.03
83 6 [2, 3] 1 0.03
83 2 [0, 2, 3] 1 0.03
83 7 [1, 3] 2 0.03
83 7 [1, 3] 2 0.03
83 7 [1, 3] 0 0.03
83 7 [1, 3] 0 0.03
83 2 [0, 2, 3] 2 0.03
84 8 [1] 3 0.08
84 7 [1, 3] 2 0.02
84 8 [1] 3 0.02
84 7 [1, 3] 0 0.03
84 8 [1] 0 0.03
84 7 [1, 3] 0 0.03
84 7 [1, 3] 0 0.03
84 8 [1] 3 0.03
84 7 [1, 3] 2 0.03
84 8 [1] 3 0.03
84 8 [1] 3 0.03
84 8 [1] 3 0.03
84 8 [1] 3 0.03
84 7 [1, 3] 2 0.03
84 7 [1, 3] 2 0.03
84 7 [1, 3] 0 0.03
84 7 [1, 3] 2 0.03
84 6 [2, 3] 0 0.03
84 5 [0, 3] 1 0.03
84 7 [1, 3] 2 0.03
84 7 [1, 3] 2 0.02
84 8 [1] 3 0.02
84 7 [1, 3] 2 0.02
84 8 [1] 0 0.03
84 2 [0, 2, 3] 1 0.03
84 8 [1] 3 0.03
84 7 [1, 3] 2 0.03
84 7 [1, 3] 2 0.03
84 7 [1, 3] 2 0.03
84 7 [1, 3] 2 0.03
84 8 [1] 3 0.03
84 8 [1] 3 0.03
84 7 [1, 3] 2 0.03
84 7 [1, 3] 2 0.03
84 8 [1] 3 0.03
84 7 [1, 3] 2 0.03
84 8 [1] 3 0.03
84 1 [2, 3] 0 0.03
84 8 [1] 0 0.03
84 8 [1] 0 0.03
84 7 [1, 3] 2 0.03
84 7 [1, 3] 0 0.03
84 7 [1, 3] 0 0.03
84 7 [1, 3] 0 0.03
84 5 [0, 3] 1 0.03
84 2 [0, 2, 3] 1 0.03
84 8 [1] 3 0.03
84 7 [1, 3] 2 0.03
84 7 [1, 3] 2 0.03
84 8 [1] 3 0.03
84 7 [1, 3] 2 0.03
84 5 [0, 3] 1 0.03
84 8 [1] 0 0.03
84 7 [1, 3] 2 0.03
84 6 [2, 3] 1 0.03
84 7 [1, 3] 2 0.03
84 3 [0, 1, 2] 1 0.03
85 7 [1, 3] 2 0.02
85 4 [0, 2, 3] 1 0.03
85 7 [1, 3] 2 0.03
85 7 [1, 3] 2 0.04
85 8 [1] 0 0.03
85 8 [1] 3 0.03
85 8 [1] 3 0.03
85 8 [1] 3 0.03
85 7 [1, 3] 2 0.03
85 7 [1, 3] 2 0.02
85 8 [1] 3 0.02
85 7 [1, 3] 2 0.02
85 7 [1, 3] 2 0.02
85 7 [1, 3] 0 0.02
85 7 [1, 3] 2 0.02
85 8 [1] 3 0.02
85 7 [1, 3] 2 0.02
85 8 [1] 3 0.02
85 7 [1, 3] 0 0.02
85 1 [2, 3] 0 0.03
85 7 [1, 3] 2 0.03
85 7 [1, 3] 2 0.03
85 8 [1] 3 0.02
85 8 [1] 3 0.02
85 8 [1] 3 0.03
85 8 [1] 3 0.03
85 8 [1] 3 0.03
85 7 [1, 3] 2 0.03
85 8 [1] 3 0.03
85 7 [1, 3] 2 0.03
85 8 [1] 3 0.03
85 7 [1, 3] 2 0.03
85 8 [1] 3 0.03
85 7 [1, 3] 2 0.03
85 7 [1, 3] 2 0.03
85 7 [1, 3] 2 0.03
85 7 [1, 3] 2 0.03
85 5 [0, 3] 1 0.03
85 7 [1, 3] 2 0.03
85 8 [1] 0 0.03
85 8 [1] 3 0.03
85 8 [1] 3 0.03
85 7 [1, 3] 2 0.03
85 8 [1] 3 0.03
85 6 [2, 3] 0 0.03
85 7 [1, 3] 2 0.03
85 8 [1] 0 0.03
85 8 [1] 0 0.03
85 8 [1] 3 0.03
85 7 [1, 3] 0 0.03
85 1 [2, 3] 0 0.03
85 7 [1, 3] 0 0.03
85 8 [1] 3 0.03
85 8 [1] 3 0.03
85 7 [1, 3] 0 0.03
85 8 [1] 3 0.03
85 8 [1] 3 0.03
85 8 [1] 3 0.03
85 8 [1] 3 0.03
85 8 [1] 3 0.03
85 2 [0, 2, 3] 2 0.03
86 8 [1] 3 0.02
86 8 [1] 3 0.03
86 7 [1, 3] 0 0.04
86 8 [1] 3 0.04
86 5 [0, 3] 1 0.04
86 7 [1, 3] 2 0.03
86 7 [1, 3] 0 0.03
86 7 [1, 3] 0 0.03
86 5 [0, 3] 1 0.03
86 8 [1] 3 0.04
86 8 [1] 3 0.04
86 8 [1] 3 0.04
86 8 [1] 3 0.04
86 8 [1] 3 0.03
86 8 [1] 3 0.03
86 8 [1] 3 0.03
86 8 [1] 3 0.03
86 8 [1] 3 0.03
86 8 [1] 3 0.03
86 6 [2, 3] 1 0.03
86 7 [1, 3] 2 0.03
86 7 [1, 3] 2 0.03
86 7 [1, 3] 2 0.03
86 5 [0, 3] 1 0.03
86 8 [1] 0 0.03
86 5 [0, 3] 1 0.04
86 8 [1] 3 0.04
86 7 [1, 3] 2 0.03
86 8 [1] 3 0.04
86 7 [1, 3] 0 0.03
86 7 [1, 3] 2 0.03
86 8 [1] 0 0.03
86 7 [1, 3] 2 0.03
86 7 [1, 3] 0 0.03
86 5 [0, 3] 2 0.03
86 6 [2, 3] 0 0.03
86 7 [1, 3] 2 0.03
86 1 [2, 3] 0 0.03
86 8 [1] 3 0.03
86 7 [1, 3] 2 0.03
86 7 [1, 3] 2 0.03
86 8 [1] 3 0.03
86 7 [1, 3] 2 0.03
86 7 [1, 3] 2 0.03
86 8 [1] 3 0.03
86 8 [1] 3 0.03
86 7 [1, 3] 2 0.03
86 7 [1, 3] 0 0.03
86 8 [1] 3 0.03
86 8 [1] 3 0.03
86 8 [1] 3 0.04
86 8 [1] 3 0.04
86 7 [1, 3] 2 0.04
86 7 [1, 3] 2 0.04
86 7 [1, 3] 2 0.04
86 5 [0, 3] 1 0.04
86 8 [1] 3 0.04
86 7 [1, 3] 2 0.04
86 8 [1] 3 0.04
86 7 [1, 3] 2 0.04
86 5 [0, 3] 1 0.04
86 7 [1, 3] 2 0.04
86 8 [1] 3 0.04
86 8 [1] 3 0.04
86 7 [1, 3] 2 0.04
86 8 [1] 3 0.04
86 7 [1, 3] 2 0.04
86 7 [1, 3] 2 0.04
86 8 [1] 0 0.04
86 7 [1, 3] 0 0.04
86 5 [0, 3] 1 0.04
86 9 [0, 1, 2] 2 0.04
87 7 [1, 3] 2 0.05
87 8 [1] 3 0.02
87 8 [1] 3 0.03
87 8 [1] 3 0.03
87 8 [1] 0 0.03
87 1 [2, 3] 0 0.03
87 7 [1, 3] 2 0.03
87 8 [1] 3 0.03
87 8 [1] 3 0.04
87 8 [1] 3 0.03
87 7 [1, 3] 2 0.03
87 8 [1] 3 0.03
87 7 [1, 3] 2 0.03
87 6 [2, 3] 1 0.03
87 0 [0, 1, 3] 2 0.03
87 7 [1, 3] 2 0.03
87 8 [1] 0 0.03
87 7 [1, 3] 2 0.03
87 7 [1, 3] 0 0.03
87 1 [2, 3] 0 0.03
87 7 [1, 3] 2 0.03
87 7 [1, 3] 2 0.03
87 8 [1] 0 0.03
87 7 [1, 3] 2 0.03
87 7 [1, 3] 2 0.03
87 8 [1] 0 0.03
87 8 [1] 0 0.03
87 5 [0, 3] 2 0.03
87 8 [1] 0 0.03
87 7 [1, 3] 2 0.03
87 8 [1] 3 0.03
87 8 [1] 3 0.03
87 7 [1, 3] 2 0.03
87 7 [1, 3] 2 0.03
87 7 [1, 3] 2 0.03
87 7 [1, 3] 2 0.03
87 6 [2, 3] 0 0.03
87 7 [1, 3] 2 0.03
87 8 [1] 0 0.03
87 7 [1, 3] 2 0.03
87 7 [1, 3] 2 0.03
87 8 [1] 3 0.03
87 7 [1, 3] 2 0.03
87 8 [1] 0 0.03
87 7 [1, 3] 0 0.03
87 8 [1] 3 0.03
87 5 [0, 3] 1 0.03
87 0 [0, 1, 3] 2 0.03
87 1 [2, 3] 0 0.03
87 7 [1, 3] 2 0.03
87 8 [1] 3 0.03
87 8 [1] 3 0.03
87 8 [1] 3 0.03
87 7 [1, 3] 2 0.03
87 6 [2, 3] 1 0.03
87 7 [1, 3] 2 0.03
87 8 [1] 3 0.03
87 3 [0, 1, 2] 0 0.03
88 7 [1, 3] 2 0.17
88 8 [1] 3 0.02
88 6 [2, 3] 1 0.03
88 7 [1, 3] 2 0.04
88 0 [0, 1, 3] 2 0.04
88 8 [1] 3 0.03
88 8 [1] 3 0.03
88 7 [1, 3] 2 0.03
88 7 [1, 3] 0 0.03
88 6 [2, 3] 1 0.03
88 1 [2, 3] 1 0.04
88 8 [1] 3 0.04
88 8 [1] 3 0.04
88 8 [1] 3 0.04
88 7 [1, 3] 2 0.04
88 8 [1] 3 0.04
88 8 [1] 3 0.04
88 8 [1] 3 0.05
88 7 [1, 3] 2 0.04
88 7 [1, 3] 2 0.04
88 8 [1] 3 0.03
88 5 [0, 3] 1 0.03
88 8 [1] 3 0.04
88 6 [2, 3] 1 0.04
88 8 [1] 3 0.04
88 1 [2, 3] 1 0.04
88 7 [1, 3] 2 0.03
88 8 [1] 0 0.03
88 7 [1, 3] 2 0.03
88 8 [1] 3 0.03
88 7 [1, 3] 2 0.03
88 8 [1] 3 0.03
88 8 [1] 3 0.03
88 7 [1, 3] 2 0.03
88 7 [1, 3] 2 0.04
88 8 [1] 0 0.04
88 8 [1] 3 0.04
88 7 [1, 3] 2 0.04
88 7 [1, 3] 2 0.04
88 5 [0, 3] 1 0.04
88 7 [1, 3] 2 0.04
88 7 [1, 3] 2 0.03
88 8 [1] 3 0.03
88 8 [1] 3 0.04
88 8 [1] 3 0.04
88 8 [1] 3 0.04
88 8 [1] 3 0.04
88 7 [1, 3] 2 0.04
88 8 [1] 3 0.04
88 8 [1] 3 0.04
88 7 [1, 3] 0 0.04
88 7 [1, 3] 2 0.04
88 5 [0, 3] 1 0.04
88 5 [0, 3] 1 0.04
88 7 [1, 3] 2 0.04
88 4 [0, 2, 3] 1 0.04
88 4 [0, 2, 3] 1 0.04
88 8 [1] 2 0.04
88 7 [1, 3] 0 0.04
88 7 [1, 3] 2 0.03
88 8 [1] 3 0.04
88 7 [1, 3] 2 0.04
88 8 [1] 3 0.04
88 6 [2, 3] 1 0.04
88 8 [1] 3 0.04
88 7 [1, 3] 2 0.04
88 5 [0, 3] 1 0.04
88 7 [1, 3] 2 0.04
88 7 [1, 3] 2 0.04
88 7 [1, 3] 2 0.04
88 7 [1, 3] 2 0.04
88 8 [1] 0 0.04
88 9 [0, 1, 2] 2 0.04
89 8 [1] 3 0.01
89 8 [1] 3 0.02
89 8 [1] 3 0.03
89 8 [1] 3 0.03
89 8 [1] 3 0.04
89 8 [1] 3 0.05
89 7 [1, 3] 2 0.05
89 5 [0, 3] 1 0.06
89 8 [1] 3 0.05
89 8 [1] 0 0.06
89 7 [1, 3] 2 0.06
89 7 [1, 3] 2 0.05
89 8 [1] 3 0.06
89 6 [2, 3] 0 0.05
89 8 [1] 3 0.06
89 8 [1] 3 0.05
89 7 [1, 3] 2 0.05
89 5 [0, 3] 1 0.05
89 8 [1] 3 0.05
89 8 [1] 0 0.05
89 8 [1] 0 0.05
89 8 [1] 3 0.05
89 5 [0, 3] 1 0.05
89 7 [1, 3] 0 0.04
89 7 [1, 3] 2 0.04
89 8 [1] 3 0.04
89 7 [1, 3] 2 0.04
89 7 [1, 3] 2 0.04
89 7 [1, 3] 2 0.04
89 7 [1, 3] 2 0.03
89 8 [1] 3 0.03
89 8 [1] 3 0.03
89 7 [1, 3] 2 0.03
89 5 [0, 3] 1 0.03
89 7 [1, 3] 2 0.03
89 8 [1] 3 0.03
89 7 [1, 3] 2 0.03
89 8 [1] 3 0.03
89 5 [0, 3] 1 0.03
89 7 [1, 3] 2 0.03
89 7 [1, 3] 2 0.03
89 6 [2, 3] 0 0.03
89 8 [1] 3 0.03
89 7 [1, 3] 2 0.03
89 8 [1] 3 0.03
89 8 [1] 0 0.03
89 8 [1] 3 0.03
89 1 [2, 3] 0 0.03
89 8 [1] 3 0.03
89 6 [2, 3] 1 0.03
89 7 [1, 3] 2 0.03
89 8 [1] 3 0.03
89 5 [0, 3] 1 0.03
89 2 [0, 2, 3] 1 0.03
89 8 [1] 3 0.03
89 8 [1] 3 0.03
89 8 [1] 3 0.03
89 7 [1, 3] 2 0.03
89 7 [1, 3] 2 0.03
89 7 [1, 3] 2 0.03
89 8 [1] 3 0.03
89 7 [1, 3] 2 0.03
89 5 [0, 3] 1 0.03
89 7 [1, 3] 0 0.03
89 7 [1, 3] 2 0.03
89 7 [1, 3] 2 0.03
89 1 [2, 3] 0 0.03
89 7 [1, 3] 2 0.03
89 5 [0, 3] 3 0.03
90 7 [1, 3] 2 0.10
90 8 [1] 0 0.10
90 5 [0, 3] 1 0.12
90 7 [1, 3] 2 0.11
90 8 [1] 3 0.10
90 8 [1] 3 0.09
90 8 [1] 3 0.09
90 8 [1] 3 0.10
90 6 [2, 3] 1 0.07
90 0 [0, 1, 3] 2 0.06
90 8 [1] 3 0.06
90 8 [1] 0 0.06
90 7 [1, 3] 2 0.06
90 7 [1, 3] 2 0.06
90 8 [1] 3 0.05
90 8 [1] 3 0.05
90 7 [1, 3] 2 0.05
90 7 [1, 3] 2 0.05
90 7 [1, 3] 2 0.05
90 6 [2, 3] 1 0.05
90 8 [1] 3 0.06
90 7 [1, 3] 2 0.05
90 8 [1] 3 0.05
90 8 [1] 3 0.05
90 8 [1] 3 0.05
90 8 [1] 3 0.05
90 8 [1] 3 0.05
90 8 [1] 3 0.05
90 7 [1, 3] 2 0.04
90 8 [1] 0 0.04
90 8 [1] 3 0.04
90 7 [1, 3] 0 0.04
90 7 [1, 3] 2 0.03
90 5 [0, 3] 1 0.03
90 4 [0, 2, 3] 1 0.03
90 8 [1] 3 0.03
90 8 [1] 3 0.03
90 8 [1] 3 0.03
90 8 [1] 3 0.03
90 8 [1] 3 0.03
90 7 [1, 3] 2 0.03
90 8 [1] 3 0.03
90 7 [1, 3] 2 0.03
90 7 [1, 3] 2 0.03
90 8 [1] 3 0.03
90 8 [1] 3 0.03
90 8 [1] 3 0.03
90 7 [1, 3] 2 0.03
90 8 [1] 3 0.03
90 5 [0, 3] 2 0.03
90 8 [1] 3 0.03
90 1 [2, 3] 0 0.03
90 8 [1] 3 0.03
90 7 [1, 3] 2 0.03
90 8 [1] 3 0.03
90 8 [1] 3 0.03
90 7 [1, 3] 2 0.03
90 8 [1] 3 0.03
90 8 [1] 0 0.03
90 4 [0, 2, 3] 0 0.03
91 7 [1, 3] 0 0.02
91 8 [1] 3 0.04
91 7 [1, 3] 2 0.04
91 5 [0, 3] 1 0.03
91 8 [1] 0 0.03
91 7 [1, 3] 2 0.02
91 7 [1, 3] 2 0.02
91 8 [1] 3 0.02
91 0 [0, 1, 3] 2 0.02
91 8 [1] 3 0.02
91 7 [1, 3] 2 0.02
91 5 [0, 3] 1 0.02
91 7 [1, 3] 2 0.02
91 7 [1, 3] 2 0.02
91 7 [1, 3] 2 0.02
91 5 [0, 3] 1 0.03
91 7 [1, 3] 2 0.03
91 7 [1, 3] 2 0.03
91 7 [1, 3] 2 0.02
91 8 [1] 3 0.02
91 7 [1, 3] 0 0.02
91 7 [1, 3] 2 0.02
91 7 [1, 3] 2 0.02
91 7 [1, 3] 2 0.02
91 7 [1, 3] 2 0.02
91 8 [1] 3 0.03
91 7 [1, 3] 2 0.03
91 7 [1, 3] 2 0.03
91 7 [1, 3] 0 0.03
91 7 [1, 3] 2 0.03
91 7 [1, 3] 0 0.03
91 8 [1] 3 0.03
91 7 [1, 3] 2 0.03
91 7 [1, 3] 2 0.03
91 7 [1, 3] 2 0.03
91 7 [1, 3] 0 0.03
91 7 [1, 3] 2 0.03
91 5 [0, 3] 1 0.03
91 7 [1, 3] 2 0.03
91 7 [1, 3] 2 0.03
91 8 [1] 3 0.03
91 8 [1] 3 0.03
91 8 [1] 3 0.03
91 8 [1] 3 0.03
91 8 [1] 0 0.03
91 8 [1] 3 0.03
91 8 [1] 3 0.03
91 8 [1] 3 0.03
91 8 [1] 3 0.03
91 7 [1, 3] 0 0.03
91 7 [1, 3] 2 0.03
91 7 [1, 3] 0 0.03
91 8 [1] 3 0.03
91 8 [1] 3 0.04
91 8 [1] 3 0.04
91 5 [0, 3] 1 0.04
91 7 [1, 3] 2 0.04
91 7 [1, 3] 2 0.04
91 8 [1] 3 0.04
91 6 [2, 3] 1 0.04
91 7 [1, 3] 2 0.04
91 7 [1, 3] 2 0.04
91 8 [1] 3 0.04
91 7 [1, 3] 0 0.04
91 8 [1] 3 0.04
91 8 [1] 3 0.04
91 8 [1] 3 0.04
91 8 [1] 3 0.04
91 8 [1] 3 0.04
91 8 [1] 3 0.04
91 8 [1] 3 0.04
91 8 [1] 3 0.04
91 8 [1] 3 0.04
91 7 [1, 3] 2 0.04
91 7 [1, 3] 2 0.04
91 8 [1] 3 0.04
91 5 [0, 3] 3 0.04
92 8 [1] 3 0.02
92 8 [1] 3 0.02
92 4 [0, 2, 3] 1 0.02
92 8 [1] 3 0.02
92 5 [0, 3] 1 0.03
92 8 [1] 3 0.03
92 8 [1] 0 0.03
92 8 [1] 3 0.03
92 8 [1] 3 0.04
92 8 [1] 3 0.04
92 8 [1] 0 0.05
92 8 [1] 3 0.05
92 1 [2, 3] 0 0.05
92 7 [1, 3] 2 0.04
92 5 [0, 3] 1 0.04
92 7 [1, 3] 2 0.04
92 7 [1, 3] 2 0.04
92 8 [1] 3 0.05
92 7 [1, 3] 2 0.05
92 8 [1] 0 0.05
92 7 [1, 3] 2 0.05
92 7 [1, 3] 2 0.05
92 8 [1] 3 0.05
92 7 [1, 3] 2 0.05
92 6 [2, 3] 1 0.05
92 7 [1, 3] 2 0.05
92 8 [1] 3 0.05
92 7 [1, 3] 2 0.05
92 7 [1, 3] 2 0.05
92 7 [1, 3] 2 0.05
92 7 [1, 3] 2 0.04
92 6 [2, 3] 0 0.04
92 5 [0, 3] 1 0.04
92 1 [2, 3] 0 0.04
92 1 [2, 3] 0 0.04
92 7 [1, 3] 2 0.04
92 8 [1] 3 0.04
92 8 [1] 3 0.04
92 7 [1, 3] 2 0.04
92 7 [1, 3] 2 0.04
92 7 [1, 3] 2 0.04
92 5 [0, 3] 1 0.04
92 8 [1] 3 0.04
92 7 [1, 3] 0 0.04
92 7 [1, 3] 2 0.04
92 1 [2, 3] 1 0.04
92 8 [1] 3 0.04
92 8 [1] 3 0.04
92 4 [0, 2, 3] 1 0.04
92 8 [1] 0 0.04
92 8 [1] 3 0.04
92 8 [1] 3 0.04
92 1 [2, 3] 1 0.04
92 8 [1] 3 0.03
92 8 [1] 3 0.03
92 8 [1] 3 0.03
92 8 [1] 3 0.03
92 5 [0, 3] 1 0.04
92 7 [1, 3] 2 0.03
92 8 [1] 3 0.03
92 8 [1] 3 0.03
92 7 [1, 3] 2 0.03
92 7 [1, 3] 0 0.03
92 1 [2, 3] 3 0.03
93 7 [1, 3] 2 0.09
93 7 [1, 3] 0 0.09
93 8 [1] 3 0.12
93 7 [1, 3] 0 0.06
93 7 [1, 3] 2 0.06
93 8 [1] 0 0.04
93 8 [1] 3 0.05
93 6 [2, 3] 1 0.04
93 8 [1] 3 0.04
93 8 [1] 0 0.04
93 8 [1] 3 0.04
93 8 [1] 3 0.04
93 8 [1] 3 0.04
93 8 [1] 3 0.04
93 8 [1] 3 0.04
93 8 [1] 3 0.04
93 7 [1, 3] 2 0.04
93 7 [1, 3] 2 0.04
93 7 [1, 3] 2 0.03
93 7 [1, 3] 2 0.03
93 5 [0, 3] 1 0.03
93 7 [1, 3] 2 0.03
93 7 [1, 3] 2 0.03
93 7 [1, 3] 2 0.03
93 7 [1, 3] 2 0.03
93 7 [1, 3] 2 0.03
93 7 [1, 3] 2 0.03
93 8 [1] 0 0.03
93 8 [1] 3 0.03
93 8 [1] 3 0.03
93 7 [1, 3] 2 0.03
93 8 [1] 3 0.03
93 8 [1] 3 0.03
93 7 [1, 3] 2 0.03
93 7 [1, 3] 2 0.03
93 7 [1, 3] 2 0.03
93 7 [1, 3] 0 0.03
93 7 [1, 3] 2 0.03
93 8 [1] 3 0.03
93 8 [1] 3 0.03
93 8 [1] 3 0.03
93 8 [1] 3 0.03
93 7 [1, 3] 2 0.03
93 8 [1] 3 0.03
93 8 [1] 3 0.03
93 1 [2, 3] 0 0.03
93 7 [1, 3] 0 0.03
93 7 [1, 3] 2 0.03
93 7 [1, 3] 0 0.03
93 7 [1, 3] 0 0.03
93 7 [1, 3] 2 0.03
93 7 [1, 3] 2 0.03
93 7 [1, 3] 2 0.03
93 5 [0, 3] 1 0.04
93 7 [1, 3] 2 0.04
93 7 [1, 3] 2 0.04
93 8 [1] 3 0.04
93 8 [1] 3 0.04
93 5 [0, 3] 1 0.04
93 8 [1] 3 0.04
93 8 [1] 3 0.04
93 5 [0, 3] 1 0.03
93 6 [2, 3] 1 0.03
93 6 [2, 3] 1 0.04
93 7 [1, 3] 2 0.03
93 4 [0, 2, 3] 0 0.03
94 7 [1, 3] 2 0.01
94 5 [0, 3] 1 0.02
94 1 [2, 3] 1 0.02
94 8 [1] 3 0.02
94 0 [0, 1, 3] 2 0.02
94 7 [1, 3] 2 0.02
94 7 [1, 3] 2 0.02
94 8 [1] 3 0.02
94 7 [1, 3] 2 0.03
94 8 [1] 3 0.03
94 7 [1, 3] 2 0.03
94 8 [1] 3 0.03
94 7 [1, 3] 2 0.04
94 7 [1, 3] 2 0.03
94 8 [1] 3 0.03
94 7 [1, 3] 2 0.03
94 8 [1] 3 0.03
94 7 [1, 3] 2 0.03
94 7 [1, 3] 2 0.03
94 7 [1, 3] 2 0.03
94 7 [1, 3] 2 0.03
94 5 [0, 3] 1 0.03
94 8 [1] 3 0.03
94 7 [1, 3] 2 0.03
94 6 [2, 3] 1 0.03
94 7 [1, 3] 2 0.03
94 7 [1, 3] 2 0.03
94 7 [1, 3] 2 0.03
94 7 [1, 3] 2 0.03
94 8 [1] 3 0.03
94 4 [0, 2, 3] 1 0.03
94 6 [2, 3] 1 0.03
94 1 [2, 3] 0 0.03
94 8 [1] 3 0.03
94 8 [1] 3 0.03
94 5 [0, 3] 1 0.03
94 5 [0, 3] 1 0.03
94 7 [1, 3] 2 0.02
94 8 [1] 2 0.03
94 8 [1] 0 0.03
94 8 [1] 3 0.03
94 7 [1, 3] 2 0.03
94 7 [1, 3] 2 0.02
94 8 [1] 3 0.02
94 7 [1, 3] 2 0.02
94 8 [1] 0 0.03
94 8 [1] 3 0.03
94 8 [1] 3 0.03
94 7 [1, 3] 2 0.03
94 8 [1] 3 0.03
94 7 [1, 3] 2 0.03
94 8 [1] 0 0.03
94 7 [1, 3] 1 0.03
95 7 [1, 3] 0 0.03
95 7 [1, 3] 2 0.03
95 7 [1, 3] 2 0.04
95 7 [1, 3] 2 0.03
95 8 [1] 3 0.04
95 8 [1] 3 0.04
95 8 [1] 0 0.03
95 8 [1] 3 0.04
95 8 [1] 3 0.04
95 8 [1] 3 0.04
95 8 [1] 3 0.04
95 8 [1] 3 0.05
95 8 [1] 3 0.05
95 7 [1, 3] 2 0.05
95 7 [1, 3] 2 0.05
95 8 [1] 3 0.04
95 8 [1] 0 0.05
95 8 [1] 3 0.05
95 8 [1] 3 0.05
95 5 [0, 3] 2 0.05
95 7 [1, 3] 2 0.04
95 8 [1] 3 0.04
95 2 [0, 2, 3] 1 0.04
95 7 [1, 3] 2 0.04
95 8 [1] 3 0.04
95 8 [1] 0 0.04
95 7 [1, 3] 2 0.04
95 7 [1, 3] 0 0.05
95 7 [1, 3] 2 0.05
95 7 [1, 3] 2 0.05
95 2 [0, 2, 3] 1 0.05
95 8 [1] 3 0.04
95 7 [1, 3] 2 0.04
95 7 [1, 3] 2 0.04
95 8 [1] 0 0.04
95 7 [1, 3] 2 0.04
95 8 [1] 3 0.04
95 8 [1] 3 0.04
95 7 [1, 3] 2 0.04
95 7 [1, 3] 2 0.04
95 7 [1, 3] 2 0.04
95 8 [1] 3 0.04
95 7 [1, 3] 2 0.04
95 8 [1] 3 0.04
95 7 [1, 3] 2 0.04
95 8 [1] 0 0.04
95 7 [1, 3] 2 0.04
95 5 [0, 3] 1 0.04
95 1 [2, 3] 1 0.04
95 8 [1] 0 0.04
95 7 [1, 3] 2 0.04
95 8 [1] 0 0.04
95 7 [1, 3] 2 0.04
95 8 [1] 3 0.04
95 7 [1, 3] 0 0.04
95 8 [1] 3 0.04
95 8 [1] 3 0.04
95 5 [0, 3] 1 0.04
95 5 [0, 3] 1 0.04
95 8 [1] 3 0.04
95 7 [1, 3] 2 0.04
95 7 [1, 3] 2 0.04
95 7 [1, 3] 2 0.04
95 6 [2, 3] 1 0.04
95 8 [1] 3 0.04
95 8 [1] 2 0.04
95 7 [1, 3] 2 0.04
95 8 [1] 3 0.04
95 8 [1] 3 0.04
95 2 [0, 2, 3] 1 0.04
95 8 [1] 3 0.04
95 8 [1] 3 0.04
95 8 [1] 3 0.04
95 8 [1] 3 0.04
95 5 [0, 3] 0 0.04
96 5 [0, 3] 1 0.08
96 7 [1, 3] 2 0.02
96 8 [1] 3 0.03
96 8 [1] 3 0.03
96 8 [1] 3 0.03
96 8 [1] 0 0.04
96 7 [1, 3] 0 0.04
96 2 [0, 2, 3] 1 0.04
96 8 [1] 3 0.04
96 8 [1] 3 0.04
96 5 [0, 3] 1 0.04
96 7 [1, 3] 2 0.04
96 6 [2, 3] 1 0.04
96 8 [1] 3 0.04
96 7 [1, 3] 2 0.04
96 8 [1] 3 0.04
96 8 [1] 3 0.04
96 7 [1, 3] 2 0.04
96 8 [1] 3 0.04
96 8 [1] 3 0.04
96 7 [1, 3] 2 0.04
96 8 [1] 3 0.04
96 7 [1, 3] 2 0.04
96 8 [1] 3 0.04
96 8 [1] 3 0.04
96 8 [1] 0 0.04
96 7 [1, 3] 2 0.04
96 7 [1, 3] 2 0.04
96 8 [1] 3 0.04
96 5 [0, 3] 1 0.03
96 7 [1, 3] 2 0.03
96 7 [1, 3] 2 0.03
96 5 [0, 3] 1 0.03
96 8 [1] 3 0.03
96 8 [1] 3 0.03
96 7 [1, 3] 2 0.03
96 8 [1] 0 0.04
96 8 [1] 3 0.04
96 7 [1, 3] 2 0.04
96 1 [2, 3] 1 0.04
96 6 [2, 3] 1 0.03
96 8 [1] 3 0.04
96 7 [1, 3] 0 0.04
96 6 [2, 3] 1 0.04
96 8 [1] 3 0.04
96 8 [1] 0 0.04
96 7 [1, 3] 2 0.04
96 8 [1] 3 0.04
96 1 [2, 3] 1 0.04
96 7 [1, 3] 2 0.04
96 8 [1] 3 0.04
96 8 [1] 3 0.04
96 5 [0, 3] 1 0.04
96 8 [1] 3 0.04
96 5 [0, 3] 1 0.04
96 7 [1, 3] 2 0.04
96 7 [1, 3] 2 0.04
96 7 [1, 3] 2 0.03
96 7 [1, 3] 2 0.03
96 8 [1] 3 0.03
96 8 [1] 3 0.03
96 8 [1] 3 0.03
96 8 [1] 0 0.03
96 6 [2, 3] 1 0.03
96 8 [1] 3 0.03
96 7 [1, 3] 2 0.04
96 8 [1] 0 0.04
96 7 [1, 3] 2 0.03
96 1 [2, 3] 2 0.03
97 5 [0, 3] 1 0.01
97 8 [1] 0 0.01
97 4 [0, 2, 3] 1 0.02
97 8 [1] 3 0.02
97 8 [1] 3 0.02
97 5 [0, 3] 1 0.02
97 5 [0, 3] 1 0.02
97 5 [0, 3] 1 0.02
97 8 [1] 3 0.02
97 8 [1] 3 0.02
97 7 [1, 3] 2 0.03
97 5 [0, 3] 1 0.02
97 2 [0, 2, 3] 1 0.02
97 2 [0, 2, 3] 1 0.03
97 8 [1] 3 0.03
97 7 [1, 3] 2 0.02
97 5 [0, 3] 1 0.02
97 7 [1, 3] 2 0.02
97 7 [1, 3] 2 0.02
97 7 [1, 3] 2 0.02
97 5 [0, 3] 1 0.03
97 7 [1, 3] 2 0.03
97 7 [1, 3] 2 0.03
97 7 [1, 3] 0 0.03
97 7 [1, 3] 2 0.03
97 7 [1, 3] 2 0.03
97 7 [1, 3] 2 0.03
97 8 [1] 3 0.03
97 7 [1, 3] 2 0.03
97 8 [1] 3 0.03
97 8 [1] 3 0.03
97 6 [2, 3] 1 0.03
97 8 [1] 3 0.03
97 7 [1, 3] 2 0.03
97 7 [1, 3] 2 0.03
97 6 [2, 3] 1 0.03
97 6 [2, 3] 1 0.03
97 5 [0, 3] 1 0.03
97 6 [2, 3] 1 0.03
97 8 [1] 3 0.03
97 5 [0, 3] 1 0.03
97 8 [1] 3 0.03
97 7 [1, 3] 2 0.03
97 7 [1, 3] 0 0.03
97 7 [1, 3] 2 0.03
97 8 [1] 3 0.03
97 7 [1, 3] 2 0.03
97 7 [1, 3] 2 0.03
97 8 [1] 0 0.03
97 7 [1, 3] 2 0.03
97 8 [1] 3 0.03
97 7 [1, 3] 2 0.03
97 8 [1] 3 0.03
97 7 [1, 3] 0 0.03
97 8 [1] 3 0.03
97 5 [0, 3] 1 0.03
97 5 [0, 3] 1 0.03
97 7 [1, 3] 2 0.04
97 7 [1, 3] 0 0.04
97 7 [1, 3] 2 0.04
97 8 [1] 3 0.04
97 7 [1, 3] 2 0.04
97 7 [1, 3] 2 0.04
97 8 [1] 3 0.04
97 8 [1] 3 0.04
97 7 [1, 3] 2 0.04
97 8 [1] 3 0.04
97 4 [0, 2, 3] 1 0.04
97 6 [2, 3] 1 0.04
97 2 [0, 2, 3] 1 0.04
97 6 [2, 3] 2 0.04
98 7 [1, 3] 2 0.01
98 7 [1, 3] 2 0.01
98 7 [1, 3] 2 0.01
98 1 [2, 3] 1 0.02
98 7 [1, 3] 2 0.02
98 7 [1, 3] 2 0.02
98 7 [1, 3] 2 0.02
98 7 [1, 3] 2 0.02
98 7 [1, 3] 2 0.02
98 7 [1, 3] 2 0.02
98 8 [1] 3 0.02
98 8 [1] 0 0.02
98 7 [1, 3] 2 0.02
98 7 [1, 3] 2 0.02
98 7 [1, 3] 2 0.02
98 7 [1, 3] 2 0.02
98 7 [1, 3] 2 0.02
98 8 [1] 0 0.03
98 7 [1, 3] 2 0.03
98 7 [1, 3] 2 0.03
98 7 [1, 3] 2 0.02
98 7 [1, 3] 2 0.02
98 7 [1, 3] 2 0.02
98 7 [1, 3] 2 0.02
98 5 [0, 3] 1 0.02
98 8 [1] 3 0.02
98 8 [1] 3 0.02
98 8 [1] 3 0.03
98 7 [1, 3] 2 0.03
98 8 [1] 3 0.03
98 7 [1, 3] 2 0.03
98 8 [1] 3 0.03
98 2 [0, 2, 3] 1 0.03
98 6 [2, 3] 1 0.03
98 7 [1, 3] 2 0.03
98 7 [1, 3] 2 0.03
98 7 [1, 3] 2 0.03
98 7 [1, 3] 2 0.03
98 8 [1] 0 0.03
98 7 [1, 3] 2 0.03
98 8 [1] 3 0.03
98 8 [1] 3 0.03
98 7 [1, 3] 2 0.03
98 8 [1] 3 0.03
98 8 [1] 3 0.03
98 7 [1, 3] 2 0.03
98 8 [1] 3 0.03
98 1 [2, 3] 0 0.03
98 7 [1, 3] 2 0.03
98 8 [1] 3 0.03
98 8 [1] 3 0.03
98 8 [1] 3 0.03
98 8 [1] 3 0.03
98 7 [1, 3] 2 0.03
98 8 [1] 3 0.03
98 8 [1] 3 0.03
98 7 [1, 3] 2 0.03
98 7 [1, 3] 2 0.03
98 7 [1, 3] 2 0.03
98 7 [1, 3] 2 0.04
98 7 [1, 3] 2 0.04
98 8 [1] 3 0.04
98 8 [1] 3 0.04
98 8 [1] 3 0.04
98 5 [0, 3] 1 0.04
98 8 [1] 3 0.04
98 7 [1, 3] 2 0.04
98 7 [1, 3] 2 0.04
98 6 [2, 3] 1 0.04
98 2 [0, 2, 3] 1 0.04
98 7 [1, 3] 2 0.04
98 9 [0, 1, 2] 2 0.04
99 4 [0, 2, 3] 1 0.01
99 7 [1, 3] 2 0.02
99 7 [1, 3] 2 0.02
99 7 [1, 3] 2 0.02
99 7 [1, 3] 2 0.03
99 8 [1] 3 0.03
99 8 [1] 3 0.03
99 7 [1, 3] 0 0.04
99 8 [1] 0 0.04
99 7 [1, 3] 2 0.04
99 8 [1] 3 0.03
99 8 [1] 3 0.03
99 7 [1, 3] 2 0.03
99 7 [1, 3] 0 0.03
99 7 [1, 3] 2 0.03
99 7 [1, 3] 2 0.03
99 7 [1, 3] 2 0.03
99 8 [1] 0 0.03
99 6 [2, 3] 1 0.03
99 8 [1] 3 0.03
99 7 [1, 3] 0 0.03
99 7 [1, 3] 2 0.03
99 7 [1, 3] 2 0.03
99 7 [1, 3] 2 0.03
99 8 [1] 0 0.03
99 8 [1] 3 0.03
99 7 [1, 3] 0 0.03
99 5 [0, 3] 2 0.03
99 7 [1, 3] 2 0.03
99 8 [1] 3 0.03
99 7 [1, 3] 2 0.03
99 5 [0, 3] 1 0.03
99 8 [1] 3 0.03
99 1 [2, 3] 0 0.03
99 6 [2, 3] 1 0.03
99 5 [0, 3] 1 0.03
99 7 [1, 3] 2 0.03
99 8 [1] 3 0.03
99 8 [1] 3 0.03
99 8 [1] 0 0.03
99 4 [0, 2, 3] 1 0.03
99 7 [1, 3] 2 0.03
99 7 [1, 3] 2 0.03
99 8 [1] 3 0.03
99 8 [1] 3 0.03
99 7 [1, 3] 2 0.03
99 7 [1, 3] 2 0.03
99 7 [1, 3] 2 0.03
99 8 [1] 3 0.03
99 7 [1, 3] 2 0.03
99 7 [1, 3] 2 0.03
99 8 [1] 3 0.03
99 7 [1, 3] 2 0.03
99 7 [1, 3] 2 0.03
99 8 [1] 0 0.03
99 7 [1, 3] 2 0.03
99 7 [1, 3] 0 0.03
99 7 [1, 3] 2 0.03
99 8 [1] 3 0.03
99 7 [1, 3] 2 0.03
99 7 [1, 3] 2 0.03
99 8 [1] 3 0.03
99 7 [1, 3] 2 0.03
99 7 [1, 3] 2 0.03
99 8 [1] 3 0.03
99 7 [1, 3] 2 0.03
99 8 [1] 3 0.03
99 7 [1, 3] 2 0.04
99 8 [1] 3 0.04
99 7 [1, 3] 2 0.04
99 6 [2, 3] 2 0.04
100 8 [1] 3 0.03
100 7 [1, 3] 0 0.03
100 8 [1] 3 0.03
100 8 [1] 3 0.03
100 8 [1] 3 0.03
100 8 [1] 3 0.03
100 7 [1, 3] 2 0.04
100 7 [1, 3] 2 0.04
100 6 [2, 3] 1 0.03
100 8 [1] 0 0.03
100 7 [1, 3] 2 0.03
100 8 [1] 3 0.03
100 7 [1, 3] 2 0.03
100 7 [1, 3] 2 0.03
100 7 [1, 3] 2 0.03
100 6 [2, 3] 1 0.03
100 5 [0, 3] 1 0.04
100 7 [1, 3] 2 0.04
100 8 [1] 3 0.04
100 7 [1, 3] 2 0.04
100 7 [1, 3] 2 0.04
100 7 [1, 3] 2 0.04
100 7 [1, 3] 2 0.04
100 7 [1, 3] 2 0.04
100 8 [1] 0 0.04
100 1 [2, 3] 0 0.05
100 8 [1] 3 0.05
100 8 [1] 3 0.05
100 7 [1, 3] 0 0.05
100 5 [0, 3] 1 0.05
100 8 [1] 3 0.05
100 7 [1, 3] 2 0.05
100 7 [1, 3] 2 0.05
100 7 [1, 3] 2 0.05
100 7 [1, 3] 2 0.04
100 8 [1] 3 0.04
100 7 [1, 3] 2 0.04
100 7 [1, 3] 2 0.04
100 7 [1, 3] 2 0.04
100 7 [1, 3] 2 0.04
100 7 [1, 3] 2 0.04
100 7 [1, 3] 2 0.04
100 7 [1, 3] 2 0.04
100 8 [1] 0 0.04
100 8 [1] 3 0.04
100 5 [0, 3] 2 0.04
100 5 [0, 3] 1 0.04
100 8 [1] 3 0.04
100 7 [1, 3] 2 0.04
100 8 [1] 3 0.04
100 1 [2, 3] 0 0.04
100 8 [1] 3 0.04
100 7 [1, 3] 2 0.04
100 7 [1, 3] 2 0.04
100 7 [1, 3] 2 0.04
100 8 [1] 3 0.04
100 7 [1, 3] 2 0.04
100 7 [1, 3] 2 0.04
100 7 [1, 3] 2 0.04
100 8 [1] 3 0.04
100 7 [1, 3] 2 0.04
100 7 [1, 3] 0 0.04
100 6 [2, 3] 0 0.04
100 7 [1, 3] 2 0.04
100 5 [0, 3] 2 0.04
100 8 [1] 3 0.04
100 8 [1] 3 0.04
100 8 [1] 3 0.04
100 6 [2, 3] 1 0.04
100 6 [2, 3] 1 0.04
100 8 [1] 0 0.04
100 8 [1] 3 0.04
100 7 [1, 3] 2 0.04
100 3 [0, 1, 2] 0 0.04
