1 2 [3] 1 0.00
1 2 [3] 2 0.00
1 2 [3] 2 0.00
1 2 [3] 2 0.00
1 6 [2] 3 0.00
1 6 [2] 3 0.00
1 9 [0] 3 0.00
1 2 [3] 1 0.01
1 2 [3] 1 0.01
1 2 [3] 1 0.01
1 4 [1, 2] 2 0.01
2 2 [3] 1 0.00
2 2 [3] 1 0.01
2 2 [3] 1 0.01
2 2 [3] 1 0.01
2 2 [3] 1 0.00
2 6 [2] 3 0.00
2 2 [3] 1 0.00
2 7 [0, 3] 3 0.00
3 2 [3] 1 0.00
3 2 [3] 1 0.00
3 2 [3] 1 0.00
3 2 [3] 1 0.00
3 8 [0, 1] 0 0.00
4 2 [3] 1 0.00
4 2 [3] 1 0.00
4 6 [2] 3 0.00
4 6 [2] 3 0.00
4 6 [2] 3 0.00
4 6 [2] 3 0.00
4 6 [2] 3 0.01
4 6 [2] 3 0.01
4 6 [2] 3 0.01
4 2 [3] 1 0.01
4 2 [3] 1 0.01
4 2 [3] 1 0.01
4 2 [3] 1 0.01
4 3 [2, 3] 2 0.01
5 6 [2] 3 1.00
5 6 [2] 3 0.40
5 2 [3] 1 0.00
5 2 [3] 1 0.00
5 2 [3] 1 0.00
5 4 [1, 2] 2 0.00
6 6 [2] 3 0.00
6 6 [2] 3 0.00
6 7 [0, 3] 0 0.00
7 2 [3] 2 0.17
7 2 [3] 2 0.08
7 2 [3] 2 0.10
7 2 [3] 2 0.11
7 2 [3] 1 0.09
7 6 [2] 3 0.03
7 6 [2] 3 0.03
7 6 [2] 3 0.02
7 6 [2] 3 0.02
7 6 [2] 3 0.02
7 6 [2] 3 0.01
7 6 [2] 3 0.01
7 6 [2] 3 0.01
7 9 [0] 0 0.01
8 3 [2, 3] 0 1.00
8 6 [2] 3 0.01
8 6 [2] 3 0.00
8 9 [0] 0 0.00
9 6 [2] 3 0.00
9 6 [2] 3 0.00
9 6 [2] 3 0.00
9 6 [2] 3 0.00
9 2 [3] 1 0.00
9 2 [3] 1 0.00
9 6 [2] 3 0.01
9 6 [2] 3 0.01
9 1 [1] 1 0.00
10 6 [2] 3 0.00
10 2 [3] 1 0.00
10 7 [0, 3] 3 0.00
