1 1 [2, 3] 1 0.20
1 1 [2, 3] 1 0.25
1 1 [2, 3] 1 0.27
1 3 [0, 1, 2] 3 0.19
1 3 [0, 1, 2] 3 0.19
1 1 [2, 3] 1 0.12
1 1 [2, 3] 1 0.14
1 1 [2, 3] 1 0.13
1 1 [2, 3] 1 0.14
1 2 [0, 2, 3] 1 0.16
1 5 [0, 3] 1 0.06
1 8 [1] 3 0.05
1 5 [0, 3] 1 0.05
1 8 [1] 3 0.04
1 8 [1] 2 0.04
1 7 [1, 3] 2 0.05
1 8 [1] 2 0.05
1 7 [1, 3] 2 0.05
1 8 [1] 2 0.05
1 7 [1, 3] 2 0.05
1 5 [0, 3] 2 0.06
1 5 [0, 3] 2 0.06
1 8 [1] 2 0.06
1 6 [2, 3] 1 0.06
1 8 [1] 3 0.06
1 8 [1] 3 0.06
1 2 [0, 2, 3] 1 0.06
1 5 [0, 3] 1 0.06
1 5 [0, 3] 1 0.07
1 4 [0, 2, 3] 1 0.07
1 8 [1] 3 0.07
1 7 [1, 3] 2 0.06
1 8 [1] 3 0.06
1 7 [1, 3] 2 0.06
1 7 [1, 3] 2 0.06
1 8 [1] 3 0.06
1 8 [1] 3 0.06
1 8 [1] 3 0.06
1 8 [1] 3 0.06
1 8 [1] 3 0.06
1 8 [1] 0 0.06
1 8 [1] 0 0.07
1 6 [2, 3] 1 0.07
1 6 [2, 3] 1 0.07
1 8 [1] 0 0.07
1 8 [1] 0 0.07
1 1 [2, 3] 0 0.07
1 7 [1, 3] 2 0.07
1 8 [1] 0 0.07
1 8 [1] 0 0.07
1 8 [1] 0 0.07
1 7 [1, 3] 2 0.07
1 7 [1, 3] 2 0.07
1 4 [0, 2, 3] 1 0.07
1 6 [2, 3] 1 0.08
1 4 [0, 2, 3] 1 0.08
1 5 [0, 3] 1 0.08
1 2 [0, 2, 3] 1 0.08
1 5 [0, 3] 1 0.08
1 5 [0, 3] 1 0.08
1 4 [0, 2, 3] 1 0.08
1 4 [0, 2, 3] 1 0.08
1 5 [0, 3] 1 0.08
1 2 [0, 2, 3] 1 0.08
1 4 [0, 2, 3] 1 0.08
1 4 [0, 2, 3] 1 0.08
1 4 [0, 2, 3] 1 0.08
1 5 [0, 3] 1 0.08
1 2 [0, 2, 3] 1 0.08
1 5 [0, 3] 1 0.08
1 2 [0, 2, 3] 1 0.08
1 1 [2, 3] 1 0.08
1 1 [2, 3] 1 0.08
1 4 [0, 2, 3] 1 0.08
1 5 [0, 3] 1 0.08
1 1 [2, 3] 1 0.09
1 1 [2, 3] 1 0.09
1 2 [0, 2, 3] 1 0.09
1 5 [0, 3] 1 0.09
1 8 [1] 2 0.08
1 7 [1, 3] 2 0.09
1 5 [0, 3] 2 0.09
1 8 [1] 2 0.09
1 8 [1] 2 0.09
1 5 [0, 3] 2 0.09
1 8 [1] 2 0.09
1 5 [0, 3] 2 0.09
1 0 [0, 1, 3] 2 0.09
1 8 [1] 2 0.09
1 7 [1, 3] 2 0.09
1 0 [0, 1, 3] 2 0.09
1 0 [0, 1, 3] 2 0.09
1 5 [0, 3] 2 0.09
1 7 [1, 3] 2 0.10
1 5 [0, 3] 2 0.10
1 8 [1] 2 0.10
1 0 [0, 1, 3] 2 0.10
1 7 [1, 3] 2 0.10
1 7 [1, 3] 2 0.10
1 8 [1] 2 0.10
1 8 [1] 3 0.10
1 6 [2, 3] 1 0.10
1 1 [2, 3] 1 0.10
1 6 [2, 3] 1 0.10
1 1 [2, 3] 1 0.10
1 1 [2, 3] 1 0.10
1 1 [2, 3] 1 0.10
1 6 [2, 3] 1 0.10
1 4 [0, 2, 3] 1 0.11
1 1 [2, 3] 1 0.11
1 6 [2, 3] 1 0.11
1 4 [0, 2, 3] 1 0.11
1 5 [0, 3] 1 0.11
1 1 [2, 3] 1 0.11
1 5 [0, 3] 1 0.11
1 2 [0, 2, 3] 1 0.11
1 2 [0, 2, 3] 1 0.11
1 1 [2, 3] 1 0.11
1 1 [2, 3] 1 0.11
1 6 [2, 3] 1 0.11
1 6 [2, 3] 1 0.11
1 2 [0, 2, 3] 1 0.11
1 2 [0, 2, 3] 1 0.11
1 2 [0, 2, 3] 1 0.11
1 5 [0, 3] 1 0.11
1 5 [0, 3] 1 0.11
1 6 [2, 3] 1 0.12
1 2 [0, 2, 3] 1 0.12
1 5 [0, 3] 1 0.12
1 6 [2, 3] 1 0.12
1 1 [2, 3] 1 0.12
1 2 [0, 2, 3] 1 0.12
1 2 [0, 2, 3] 1 0.12
1 1 [2, 3] 1 0.12
1 5 [0, 3] 1 0.12
1 2 [0, 2, 3] 1 0.12
1 2 [0, 2, 3] 1 0.12
1 6 [2, 3] 1 0.12
1 6 [2, 3] 1 0.12
1 7 [1, 3] 0 0.12
1 7 [1, 3] 0 0.12
1 7 [1, 3] 2 0.12
1 7 [1, 3] 2 0.12
1 3 [0, 1, 2] 3 0.12
1 3 [0, 1, 2] 3 0.12
1 3 [0, 1, 2] 3 0.12
1 5 [0, 3] 1 0.12
1 8 [1] 3 0.13
1 5 [0, 3] 1 0.13
1 5 [0, 3] 1 0.13
1 6 [2, 3] 1 0.13
1 6 [2, 3] 1 0.13
1 5 [0, 3] 1 0.13
1 5 [0, 3] 1 0.13
1 8 [1] 3 0.13
1 8 [1] 3 0.13
1 8 [1] 3 0.13
1 3 [0, 1, 2] 3 0.13
1 8 [1] 3 0.13
1 8 [1] 3 0.13
1 3 [0, 1, 2] 3 0.13
1 8 [1] 3 0.13
1 3 [0, 1, 2] 3 0.13
1 8 [1] 3 0.13
1 3 [0, 1, 2] 3 0.13
1 3 [0, 1, 2] 3 0.13
1 3 [0, 1, 2] 3 0.13
1 3 [0, 1, 2] 3 0.13
1 8 [1] 3 0.13
1 8 [1] 3 0.13
1 8 [1] 3 0.14
1 5 [0, 3] 1 0.13
1 6 [2, 3] 1 0.13
1 7 [1, 3] 2 0.13
1 5 [0, 3] 1 0.13
1 7 [1, 3] 2 0.13
1 7 [1, 3] 2 0.13
1 5 [0, 3] 1 0.13
1 7 [1, 3] 2 0.13
1 7 [1, 3] 2 0.13
1 5 [0, 3] 1 0.14
1 5 [0, 3] 1 0.14
1 7 [1, 3] 2 0.14
1 7 [1, 3] 2 0.14
1 5 [0, 3] 1 0.14
1 5 [0, 3] 1 0.14
1 8 [1] 0 0.14
1 5 [0, 3] 1 0.14
1 1 [2, 3] 1 0.14
1 5 [0, 3] 1 0.14
1 5 [0, 3] 1 0.14
1 5 [0, 3] 1 0.14
1 4 [0, 2, 3] 1 0.14
1 6 [2, 3] 1 0.14
1 1 [2, 3] 1 0.14
1 5 [0, 3] 1 0.14
1 1 [2, 3] 1 0.14
1 5 [0, 3] 1 0.14
1 5 [0, 3] 1 0.14
1 2 [0, 2, 3] 1 0.14
1 2 [0, 2, 3] 1 0.14
1 8 [1] 0 0.12
1 8 [1] 0 0.12
1 8 [1] 0 0.12
1 1 [2, 3] 1 0.12
1 4 [0, 2, 3] 1 0.12
1 4 [0, 2, 3] 0 0.10
2 5 [0, 3] 1 0.01
2 6 [2, 3] 1 0.00
2 6 [2, 3] 1 0.00
2 5 [0, 3] 1 0.00
2 5 [0, 3] 1 0.00
2 4 [0, 2, 3] 0 0.00
3 5 [0, 3] 1 0.01
3 5 [0, 3] 1 0.00
3 4 [0, 2, 3] 0 0.00
4 5 [0, 3] 1 0.01
4 6 [2, 3] 1 0.00
4 6 [2, 3] 1 0.00
4 1 [2, 3] 1 0.01
4 6 [2, 3] 1 0.01
4 1 [2, 3] 1 0.01
4 6 [2, 3] 2 0.00
5 2 [0, 2, 3] 1 0.00
5 2 [0, 2, 3] 1 0.00
5 8 [1] 0 0.01
5 6 [2, 3] 1 0.00
5 2 [0, 2, 3] 1 0.00
5 7 [1, 3] 3 0.00
6 5 [0, 3] 1 0.01
6 5 [0, 3] 1 0.02
6 5 [0, 3] 1 0.02
6 2 [0, 2, 3] 1 0.00
6 6 [2, 3] 1 0.00
6 1 [2, 3] 1 0.00
6 1 [2, 3] 1 0.00
6 1 [2, 3] 1 0.01
6 2 [0, 2, 3] 1 0.01
6 6 [2, 3] 1 0.01
6 1 [2, 3] 0 0.01
6 1 [2, 3] 0 0.01
6 1 [2, 3] 0 0.01
6 6 [2, 3] 1 0.01
6 2 [0, 2, 3] 3 0.01
7 5 [0, 3] 1 0.00
7 4 [0, 2, 3] 0 0.00
8 2 [0, 2, 3] 1 0.00
8 2 [0, 2, 3] 1 0.00
8 2 [0, 2, 3] 1 0.00
8 6 [2, 3] 1 0.00
8 7 [1, 3] 1 0.00
9 2 [0, 2, 3] 1 0.00
9 6 [2, 3] 1 0.00
9 4 [0, 2, 3] 3 0.00
10 5 [0, 3] 1 0.00
10 2 [0, 2, 3] 1 0.00
10 6 [2, 3] 1 0.00
10 6 [2, 3] 1 0.00
10 5 [0, 3] 1 0.00
10 6 [2, 3] 1 0.01
10 5 [0, 3] 1 0.01
10 5 [0, 3] 1 0.01
10 4 [0, 2, 3] 1 0.01
10 5 [0, 3] 1 0.01
10 6 [2, 3] 1 0.01
10 6 [2, 3] 3 0.01
11 1 [2, 3] 1 0.00
11 5 [0, 3] 1 0.00
11 2 [0, 2, 3] 2 0.00
12 6 [2, 3] 1 0.00
12 6 [2, 3] 1 0.01
12 6 [2, 3] 1 0.01
12 2 [0, 2, 3] 1 0.01
12 5 [0, 3] 1 0.00
12 0 [0, 1, 3] 1 0.00
13 6 [2, 3] 1 0.01
13 6 [2, 3] 1 0.01
13 5 [0, 3] 1 0.01
13 5 [0, 3] 1 0.01
13 2 [0, 2, 3] 1 0.01
13 2 [0, 2, 3] 1 0.01
13 5 [0, 3] 1 0.01
13 6 [2, 3] 1 0.01
13 6 [2, 3] 1 0.01
13 6 [2, 3] 1 0.01
13 6 [2, 3] 1 0.01
13 6 [2, 3] 1 0.01
13 7 [1, 3] 3 0.01
14 6 [2, 3] 1 0.01
14 5 [0, 3] 1 0.01
14 6 [2, 3] 0 0.01
14 7 [1, 3] 2 0.01
14 7 [1, 3] 2 0.01
14 2 [0, 2, 3] 1 0.01
14 5 [0, 3] 1 0.01
14 2 [0, 2, 3] 1 0.01
14 5 [0, 3] 1 0.01
14 5 [0, 3] 1 0.01
14 5 [0, 3] 0 0.01
15 5 [0, 3] 1 0.01
15 5 [0, 3] 1 0.02
15 4 [0, 2, 3] 1 0.03
15 5 [0, 3] 1 0.04
15 5 [0, 3] 1 0.04
15 6 [2, 3] 1 0.05
15 6 [2, 3] 1 0.05
15 7 [1, 3] 2 0.01
15 5 [0, 3] 1 0.01
15 5 [0, 3] 1 0.01
15 5 [0, 3] 1 0.01
15 5 [0, 3] 1 0.01
15 5 [0, 3] 1 0.01
15 5 [0, 3] 1 0.02
15 5 [0, 3] 1 0.02
15 5 [0, 3] 1 0.02
15 7 [1, 3] 2 0.02
15 8 [1] 3 0.01
15 8 [1] 3 0.01
15 6 [2, 3] 2 0.01
16 5 [0, 3] 1 0.00
16 6 [2, 3] 1 0.00
16 8 [1] 1 0.00
17 4 [0, 2, 3] 1 0.01
17 4 [0, 2, 3] 1 0.02
17 5 [0, 3] 1 0.03
17 6 [2, 3] 1 0.02
17 6 [2, 3] 1 0.03
17 6 [2, 3] 1 0.03
17 6 [2, 3] 1 0.03
17 8 [1] 3 0.03
17 2 [0, 2, 3] 1 0.02
17 6 [2, 3] 1 0.02
17 6 [2, 3] 1 0.02
17 6 [2, 3] 1 0.02
17 6 [2, 3] 1 0.02
17 7 [1, 3] 2 0.03
17 7 [1, 3] 2 0.02
17 1 [2, 3] 1 0.02
17 5 [0, 3] 1 0.02
17 5 [0, 3] 1 0.02
17 5 [0, 3] 1 0.02
17 7 [1, 3] 2 0.01
17 7 [1, 3] 1 0.01
18 6 [2, 3] 1 0.00
18 6 [2, 3] 1 0.00
18 6 [2, 3] 1 0.01
18 6 [2, 3] 1 0.01
18 6 [2, 3] 1 0.01
18 6 [2, 3] 1 0.01
18 1 [2, 3] 1 0.01
18 5 [0, 3] 1 0.01
18 6 [2, 3] 0 0.01
18 6 [2, 3] 0 0.01
18 5 [0, 3] 1 0.01
18 7 [1, 3] 2 0.01
18 8 [1] 1 0.01
19 7 [1, 3] 2 0.02
19 5 [0, 3] 1 0.01
19 8 [1] 3 0.01
19 2 [0, 2, 3] 1 0.01
19 2 [0, 2, 3] 1 0.01
19 6 [2, 3] 1 0.01
19 6 [2, 3] 1 0.01
19 5 [0, 3] 1 0.01
19 2 [0, 2, 3] 1 0.01
19 7 [1, 3] 2 0.01
19 2 [0, 2, 3] 1 0.01
19 6 [2, 3] 1 0.01
19 6 [2, 3] 1 0.01
19 5 [0, 3] 1 0.01
19 6 [2, 3] 1 0.01
19 7 [1, 3] 2 0.01
19 4 [0, 2, 3] 0 0.01
20 5 [0, 3] 1 0.01
20 5 [0, 3] 1 0.01
20 5 [0, 3] 1 0.01
20 5 [0, 3] 1 0.01
20 2 [0, 2, 3] 1 0.01
20 2 [0, 2, 3] 1 0.01
20 2 [0, 2, 3] 1 0.01
20 6 [2, 3] 1 0.01
20 2 [0, 2, 3] 1 0.01
20 6 [2, 3] 1 0.01
20 1 [2, 3] 1 0.02
20 6 [2, 3] 1 0.02
20 6 [2, 3] 1 0.02
20 2 [0, 2, 3] 1 0.02
20 1 [2, 3] 1 0.02
20 1 [2, 3] 1 0.02
20 1 [2, 3] 1 0.02
20 7 [1, 3] 2 0.01
20 7 [1, 3] 2 0.01
20 5 [0, 3] 1 0.01
20 2 [0, 2, 3] 1 0.01
20 6 [2, 3] 1 0.01
20 7 [1, 3] 2 0.01
20 0 [0, 1, 3] 1 0.01
21 7 [1, 3] 2 0.01
21 5 [0, 3] 1 0.01
21 6 [2, 3] 1 0.01
21 7 [1, 3] 2 0.02
21 1 [2, 3] 1 0.02
21 6 [2, 3] 1 0.02
21 6 [2, 3] 1 0.02
21 7 [1, 3] 2 0.01
21 7 [1, 3] 2 0.01
21 6 [2, 3] 1 0.01
21 2 [0, 2, 3] 1 0.01
21 5 [0, 3] 1 0.01
21 2 [0, 2, 3] 1 0.01
21 2 [0, 2, 3] 1 0.01
21 2 [0, 2, 3] 1 0.01
21 7 [1, 3] 2 0.01
21 2 [0, 2, 3] 1 0.01
21 2 [0, 2, 3] 1 0.01
21 7 [1, 3] 3 0.01
22 2 [0, 2, 3] 1 0.02
22 2 [0, 2, 3] 1 0.00
22 6 [2, 3] 1 0.01
22 2 [0, 2, 3] 1 0.01
22 6 [2, 3] 1 0.01
22 6 [2, 3] 1 0.01
22 7 [1, 3] 2 0.01
22 7 [1, 3] 2 0.01
22 6 [2, 3] 1 0.02
22 7 [1, 3] 2 0.02
22 7 [1, 3] 2 0.01
22 5 [0, 3] 1 0.01
22 7 [1, 3] 2 0.01
22 7 [1, 3] 2 0.01
22 5 [0, 3] 0 0.01
23 5 [0, 3] 1 0.00
23 8 [1] 3 0.00
23 6 [2, 3] 1 0.00
23 6 [2, 3] 1 0.01
23 5 [0, 3] 1 0.01
23 5 [0, 3] 1 0.01
23 1 [2, 3] 1 0.01
23 7 [1, 3] 2 0.01
23 7 [1, 3] 2 0.01
23 7 [1, 3] 2 0.01
23 6 [2, 3] 1 0.01
23 1 [2, 3] 1 0.01
23 1 [2, 3] 1 0.01
23 1 [2, 3] 1 0.01
23 1 [2, 3] 1 0.01
23 1 [2, 3] 1 0.01
23 1 [2, 3] 1 0.01
23 1 [2, 3] 0 0.01
23 1 [2, 3] 1 0.01
23 7 [1, 3] 2 0.01
23 2 [0, 2, 3] 1 0.01
23 2 [0, 2, 3] 2 0.01
24 2 [0, 2, 3] 1 0.01
24 7 [1, 3] 2 0.01
24 6 [2, 3] 1 0.00
24 6 [2, 3] 1 0.01
24 7 [1, 3] 2 0.01
24 7 [1, 3] 2 0.01
24 7 [1, 3] 2 0.01
24 7 [1, 3] 2 0.01
24 6 [2, 3] 1 0.01
24 6 [2, 3] 1 0.01
24 6 [2, 3] 1 0.01
24 6 [2, 3] 1 0.01
24 1 [2, 3] 2 0.01
25 7 [1, 3] 2 0.00
25 7 [1, 3] 2 0.00
25 6 [2, 3] 1 0.01
25 6 [2, 3] 1 0.01
25 1 [2, 3] 1 0.01
25 2 [0, 2, 3] 1 0.01
25 2 [0, 2, 3] 1 0.01
25 2 [0, 2, 3] 1 0.01
25 2 [0, 2, 3] 1 0.01
25 2 [0, 2, 3] 1 0.01
25 7 [1, 3] 2 0.01
25 8 [1] 3 0.01
25 6 [2, 3] 1 0.01
25 6 [2, 3] 1 0.01
25 0 [0, 1, 3] 0 0.01
26 7 [1, 3] 2 0.01
26 6 [2, 3] 1 0.01
26 6 [2, 3] 1 0.01
26 6 [2, 3] 1 0.02
26 6 [2, 3] 1 0.02
26 8 [1] 3 0.01
26 2 [0, 2, 3] 1 0.02
26 2 [0, 2, 3] 1 0.02
26 2 [0, 2, 3] 1 0.02
26 7 [1, 3] 2 0.02
26 2 [0, 2, 3] 1 0.01
26 7 [1, 3] 2 0.01
26 8 [1] 3 0.01
26 6 [2, 3] 1 0.01
26 2 [0, 2, 3] 2 0.01
27 5 [0, 3] 1 0.01
27 5 [0, 3] 1 0.02
27 6 [2, 3] 1 0.01
27 6 [2, 3] 1 0.01
27 6 [2, 3] 1 0.01
27 7 [1, 3] 2 0.01
27 6 [2, 3] 1 0.01
27 7 [1, 3] 2 0.01
27 2 [0, 2, 3] 1 0.01
27 2 [0, 2, 3] 1 0.01
27 1 [2, 3] 1 0.01
27 6 [2, 3] 1 0.01
27 6 [2, 3] 1 0.01
27 7 [1, 3] 2 0.01
27 7 [1, 3] 2 0.01
27 7 [1, 3] 2 0.01
27 2 [0, 2, 3] 1 0.01
27 7 [1, 3] 2 0.02
27 5 [0, 3] 1 0.01
27 5 [0, 3] 1 0.01
27 7 [1, 3] 2 0.01
27 7 [1, 3] 2 0.01
27 5 [0, 3] 0 0.01
28 5 [0, 3] 1 0.01
28 2 [0, 2, 3] 1 0.01
28 6 [2, 3] 1 0.01
28 6 [2, 3] 1 0.01
28 6 [2, 3] 1 0.01
28 6 [2, 3] 1 0.01
28 6 [2, 3] 1 0.01
28 6 [2, 3] 1 0.01
28 7 [1, 3] 2 0.01
28 7 [1, 3] 2 0.01
28 2 [0, 2, 3] 1 0.01
28 2 [0, 2, 3] 1 0.01
28 2 [0, 2, 3] 1 0.01
28 2 [0, 2, 3] 1 0.01
28 7 [1, 3] 2 0.01
28 7 [1, 3] 2 0.01
28 1 [2, 3] 0 0.01
28 1 [2, 3] 0 0.01
28 7 [1, 3] 2 0.01
28 6 [2, 3] 1 0.01
28 7 [1, 3] 2 0.01
28 7 [1, 3] 2 0.01
28 6 [2, 3] 1 0.01
28 6 [2, 3] 1 0.01
28 6 [2, 3] 1 0.01
28 5 [0, 3] 1 0.01
28 2 [0, 2, 3] 2 0.01
29 8 [1] 3 0.00
29 8 [1] 3 0.01
29 7 [1, 3] 2 0.01
29 7 [1, 3] 2 0.01
29 7 [1, 3] 2 0.01
29 2 [0, 2, 3] 1 0.01
29 7 [1, 3] 2 0.01
29 7 [1, 3] 2 0.01
29 2 [0, 2, 3] 1 0.01
29 2 [0, 2, 3] 1 0.01
29 6 [2, 3] 1 0.01
29 2 [0, 2, 3] 1 0.01
29 2 [0, 2, 3] 1 0.01
29 6 [2, 3] 1 0.01
29 6 [2, 3] 1 0.01
29 7 [1, 3] 2 0.01
29 2 [0, 2, 3] 2 0.01
30 8 [1] 3 0.01
30 6 [2, 3] 1 0.01
30 2 [0, 2, 3] 1 0.01
30 6 [2, 3] 1 0.01
30 6 [2, 3] 1 0.01
30 2 [0, 2, 3] 1 0.02
30 5 [0, 3] 1 0.02
30 6 [2, 3] 1 0.02
30 2 [0, 2, 3] 1 0.02
30 7 [1, 3] 2 0.03
30 2 [0, 2, 3] 1 0.03
30 6 [2, 3] 1 0.03
30 2 [0, 2, 3] 1 0.03
30 6 [2, 3] 1 0.04
30 6 [2, 3] 1 0.04
30 2 [0, 2, 3] 1 0.04
30 2 [0, 2, 3] 1 0.04
30 6 [2, 3] 1 0.04
30 6 [2, 3] 1 0.04
30 2 [0, 2, 3] 1 0.04
30 6 [2, 3] 1 0.05
30 6 [2, 3] 1 0.05
30 2 [0, 2, 3] 1 0.05
30 7 [1, 3] 2 0.04
30 7 [1, 3] 2 0.04
30 6 [2, 3] 1 0.04
30 5 [0, 3] 1 0.02
30 5 [0, 3] 1 0.02
30 7 [1, 3] 2 0.02
30 5 [0, 3] 1 0.02
30 5 [0, 3] 1 0.02
30 7 [1, 3] 2 0.02
30 6 [2, 3] 1 0.02
30 5 [0, 3] 0 0.02
31 1 [2, 3] 1 0.01
31 6 [2, 3] 1 0.01
31 6 [2, 3] 1 0.01
31 6 [2, 3] 1 0.01
31 6 [2, 3] 1 0.02
31 6 [2, 3] 1 0.02
31 6 [2, 3] 1 0.02
31 6 [2, 3] 1 0.02
31 8 [1] 3 0.02
31 5 [0, 3] 1 0.02
31 7 [1, 3] 2 0.01
31 7 [1, 3] 2 0.01
31 6 [2, 3] 1 0.01
31 7 [1, 3] 2 0.01
31 6 [2, 3] 1 0.01
31 5 [0, 3] 1 0.01
31 5 [0, 3] 1 0.02
31 5 [0, 3] 1 0.01
31 1 [2, 3] 1 0.01
31 1 [2, 3] 1 0.01
31 2 [0, 2, 3] 1 0.01
31 7 [1, 3] 2 0.01
31 1 [2, 3] 3 0.01
32 5 [0, 3] 1 0.01
32 2 [0, 2, 3] 1 0.01
32 5 [0, 3] 1 0.01
32 7 [1, 3] 2 0.01
32 6 [2, 3] 1 0.01
32 1 [2, 3] 0 0.01
32 5 [0, 3] 1 0.02
32 5 [0, 3] 1 0.02
32 5 [0, 3] 1 0.02
32 7 [1, 3] 2 0.02
32 7 [1, 3] 2 0.02
32 7 [1, 3] 2 0.02
32 2 [0, 2, 3] 1 0.02
32 6 [2, 3] 1 0.01
32 7 [1, 3] 2 0.01
32 6 [2, 3] 1 0.01
32 6 [2, 3] 1 0.01
32 1 [2, 3] 1 0.01
32 6 [2, 3] 1 0.01
32 6 [2, 3] 1 0.01
32 7 [1, 3] 2 0.01
32 2 [0, 2, 3] 1 0.01
32 6 [2, 3] 1 0.01
32 5 [0, 3] 1 0.01
32 2 [0, 2, 3] 1 0.01
32 6 [2, 3] 1 0.01
32 6 [2, 3] 0 0.01
32 3 [0, 1, 2] 1 0.01
33 4 [0, 2, 3] 1 0.02
33 4 [0, 2, 3] 1 0.02
33 4 [0, 2, 3] 1 0.03
33 4 [0, 2, 3] 1 0.04
33 5 [0, 3] 1 0.05
33 5 [0, 3] 1 0.05
33 5 [0, 3] 1 0.05
33 6 [2, 3] 1 0.04
33 8 [1] 3 0.04
33 8 [1] 3 0.04
33 6 [2, 3] 1 0.04
33 6 [2, 3] 1 0.03
33 7 [1, 3] 2 0.03
33 6 [2, 3] 1 0.03
33 6 [2, 3] 1 0.03
33 1 [2, 3] 1 0.02
33 1 [2, 3] 1 0.02
33 1 [2, 3] 1 0.02
33 1 [2, 3] 1 0.02
33 7 [1, 3] 2 0.02
33 5 [0, 3] 1 0.02
33 2 [0, 2, 3] 1 0.02
33 6 [2, 3] 1 0.02
33 6 [2, 3] 1 0.02
33 2 [0, 2, 3] 1 0.02
33 2 [0, 2, 3] 1 0.02
33 6 [2, 3] 1 0.02
33 6 [2, 3] 1 0.02
33 2 [0, 2, 3] 1 0.02
33 6 [2, 3] 1 0.02
33 6 [2, 3] 1 0.02
33 2 [0, 2, 3] 1 0.02
33 6 [2, 3] 1 0.02
33 2 [0, 2, 3] 1 0.02
33 6 [2, 3] 1 0.02
33 6 [2, 3] 1 0.02
33 5 [0, 3] 1 0.02
33 6 [2, 3] 1 0.02
33 6 [2, 3] 1 0.02
33 6 [2, 3] 1 0.02
33 5 [0, 3] 0 0.02
34 6 [2, 3] 1 0.03
34 4 [0, 2, 3] 1 0.02
34 4 [0, 2, 3] 1 0.03
34 2 [0, 2, 3] 1 0.01
34 7 [1, 3] 2 0.02
34 2 [0, 2, 3] 1 0.01
34 6 [2, 3] 1 0.01
34 7 [1, 3] 2 0.02
34 7 [1, 3] 2 0.02
34 7 [1, 3] 2 0.01
34 1 [2, 3] 1 0.01
34 7 [1, 3] 2 0.01
34 1 [2, 3] 1 0.01
34 5 [0, 3] 1 0.02
34 5 [0, 3] 1 0.01
34 6 [2, 3] 1 0.02
34 7 [1, 3] 2 0.01
34 2 [0, 2, 3] 1 0.01
34 6 [2, 3] 1 0.01
34 6 [2, 3] 1 0.01
34 7 [1, 3] 2 0.01
34 5 [0, 3] 1 0.01
34 6 [2, 3] 1 0.01
34 8 [1] 3 0.01
34 6 [2, 3] 1 0.01
34 2 [0, 2, 3] 1 0.01
34 1 [2, 3] 3 0.01
35 4 [0, 2, 3] 1 0.01
35 2 [0, 2, 3] 1 0.03
35 4 [0, 2, 3] 1 0.04
35 6 [2, 3] 1 0.02
35 2 [0, 2, 3] 1 0.02
35 2 [0, 2, 3] 1 0.01
35 5 [0, 3] 1 0.01
35 5 [0, 3] 1 0.01
35 5 [0, 3] 1 0.01
35 5 [0, 3] 1 0.02
35 1 [2, 3] 0 0.01
35 8 [1] 3 0.01
35 6 [2, 3] 1 0.01
35 2 [0, 2, 3] 1 0.01
35 6 [2, 3] 1 0.01
35 5 [0, 3] 1 0.01
35 1 [2, 3] 1 0.01
35 5 [0, 3] 1 0.01
35 2 [0, 2, 3] 1 0.01
35 6 [2, 3] 1 0.01
35 6 [2, 3] 1 0.01
35 6 [2, 3] 1 0.01
35 2 [0, 2, 3] 1 0.01
35 1 [2, 3] 1 0.01
35 7 [1, 3] 2 0.01
35 8 [1] 3 0.01
35 7 [1, 3] 2 0.01
35 6 [2, 3] 1 0.02
35 6 [2, 3] 1 0.02
35 9 [0, 1, 2] 2 0.01
36 1 [2, 3] 1 0.02
36 6 [2, 3] 1 0.03
36 6 [2, 3] 1 0.04
36 1 [2, 3] 1 0.04
36 6 [2, 3] 1 0.02
36 6 [2, 3] 1 0.02
36 2 [0, 2, 3] 1 0.02
36 6 [2, 3] 1 0.02
36 6 [2, 3] 0 0.01
36 1 [2, 3] 1 0.01
36 2 [0, 2, 3] 1 0.01
36 8 [1] 3 0.01
36 5 [0, 3] 1 0.01
36 5 [0, 3] 1 0.01
36 5 [0, 3] 1 0.01
36 1 [2, 3] 1 0.01
36 7 [1, 3] 2 0.01
36 4 [0, 2, 3] 1 0.01
36 4 [0, 2, 3] 1 0.01
36 4 [0, 2, 3] 1 0.01
36 4 [0, 2, 3] 1 0.01
36 6 [2, 3] 1 0.01
36 2 [0, 2, 3] 1 0.01
36 7 [1, 3] 2 0.01
36 7 [1, 3] 2 0.01
36 9 [0, 1, 2] 2 0.01
37 5 [0, 3] 1 0.01
37 6 [2, 3] 1 0.02
37 1 [2, 3] 0 0.01
37 7 [1, 3] 2 0.02
37 7 [1, 3] 2 0.02
37 6 [2, 3] 1 0.02
37 6 [2, 3] 1 0.01
37 6 [2, 3] 1 0.01
37 6 [2, 3] 1 0.01
37 5 [0, 3] 1 0.01
37 5 [0, 3] 1 0.01
37 1 [2, 3] 1 0.01
37 8 [1] 3 0.01
37 8 [1] 3 0.01
37 5 [0, 3] 1 0.02
37 7 [1, 3] 2 0.02
37 6 [2, 3] 1 0.01
37 8 [1] 3 0.01
37 6 [2, 3] 1 0.01
37 8 [1] 0 0.01
37 6 [2, 3] 1 0.01
37 2 [0, 2, 3] 1 0.01
37 6 [2, 3] 1 0.01
37 6 [2, 3] 1 0.01
37 7 [1, 3] 1 0.01
38 7 [1, 3] 2 0.04
38 6 [2, 3] 1 0.02
38 7 [1, 3] 2 0.02
38 1 [2, 3] 1 0.02
38 1 [2, 3] 1 0.03
38 6 [2, 3] 1 0.03
38 2 [0, 2, 3] 1 0.02
38 6 [2, 3] 1 0.01
38 1 [2, 3] 1 0.01
38 2 [0, 2, 3] 1 0.01
38 8 [1] 3 0.01
38 8 [1] 0 0.01
38 8 [1] 0 0.01
38 6 [2, 3] 1 0.01
38 6 [2, 3] 1 0.01
38 6 [2, 3] 1 0.01
38 2 [0, 2, 3] 1 0.01
38 6 [2, 3] 1 0.01
38 6 [2, 3] 2 0.01
39 2 [0, 2, 3] 1 0.01
39 6 [2, 3] 1 0.02
39 1 [2, 3] 1 0.02
39 8 [1] 3 0.02
39 6 [2, 3] 1 0.01
39 1 [2, 3] 0 0.01
39 6 [2, 3] 0 0.01
39 8 [1] 3 0.01
39 8 [1] 0 0.02
39 6 [2, 3] 1 0.01
39 7 [1, 3] 2 0.01
39 6 [2, 3] 1 0.01
39 6 [2, 3] 1 0.01
39 5 [0, 3] 1 0.01
39 7 [1, 3] 2 0.01
39 1 [2, 3] 0 0.01
39 1 [2, 3] 0 0.01
39 6 [2, 3] 2 0.01
40 8 [1] 3 0.01
40 7 [1, 3] 2 0.01
40 8 [1] 0 0.01
40 8 [1] 3 0.01
40 5 [0, 3] 1 0.01
40 1 [2, 3] 1 0.02
40 7 [1, 3] 2 0.02
40 1 [2, 3] 1 0.02
40 5 [0, 3] 1 0.01
40 8 [1] 3 0.01
40 5 [0, 3] 1 0.01
40 5 [0, 3] 1 0.02
40 7 [1, 3] 2 0.02
40 7 [1, 3] 2 0.01
40 7 [1, 3] 2 0.01
40 7 [1, 3] 2 0.01
40 7 [1, 3] 2 0.01
40 7 [1, 3] 2 0.01
40 7 [1, 3] 2 0.01
40 8 [1] 0 0.01
40 8 [1] 3 0.01
40 8 [1] 0 0.02
40 6 [2, 3] 1 0.02
40 6 [2, 3] 1 0.02
40 5 [0, 3] 1 0.02
40 7 [1, 3] 2 0.02
40 5 [0, 3] 1 0.01
40 5 [0, 3] 1 0.02
40 8 [1] 3 0.02
40 6 [2, 3] 0 0.02
40 6 [2, 3] 1 0.02
40 5 [0, 3] 0 0.02
41 4 [0, 2, 3] 1 0.02
41 2 [0, 2, 3] 1 0.01
41 2 [0, 2, 3] 1 0.01
41 6 [2, 3] 1 0.01
41 5 [0, 3] 1 0.01
41 8 [1] 0 0.01
41 7 [1, 3] 2 0.01
41 8 [1] 3 0.01
41 6 [2, 3] 0 0.01
41 1 [2, 3] 0 0.01
41 5 [0, 3] 1 0.01
41 6 [2, 3] 1 0.01
41 6 [2, 3] 1 0.01
41 1 [2, 3] 0 0.01
41 7 [1, 3] 2 0.01
41 8 [1] 3 0.01
41 8 [1] 1 0.01
42 6 [2, 3] 1 0.33
42 5 [0, 3] 1 0.33
42 2 [0, 2, 3] 1 0.20
42 6 [2, 3] 1 0.03
42 6 [2, 3] 1 0.02
42 7 [1, 3] 2 0.02
42 7 [1, 3] 2 0.03
42 5 [0, 3] 1 0.02
42 6 [2, 3] 1 0.02
42 6 [2, 3] 1 0.02
42 5 [0, 3] 1 0.01
42 1 [2, 3] 1 0.01
42 6 [2, 3] 1 0.01
42 6 [2, 3] 1 0.01
42 2 [0, 2, 3] 1 0.01
42 2 [0, 2, 3] 1 0.01
42 8 [1] 0 0.01
42 8 [1] 0 0.01
42 7 [1, 3] 2 0.01
42 6 [2, 3] 1 0.01
42 6 [2, 3] 1 0.01
42 6 [2, 3] 1 0.01
42 7 [1, 3] 2 0.01
42 6 [2, 3] 1 0.01
42 8 [1] 3 0.01
42 1 [2, 3] 0 0.01
42 6 [2, 3] 1 0.01
42 4 [0, 2, 3] 0 0.01
43 7 [1, 3] 2 0.03
43 6 [2, 3] 1 0.01
43 7 [1, 3] 2 0.01
43 1 [2, 3] 1 0.01
43 7 [1, 3] 2 0.01
43 6 [2, 3] 1 0.01
43 6 [2, 3] 1 0.01
43 6 [2, 3] 1 0.01
43 2 [0, 2, 3] 1 0.01
43 6 [2, 3] 1 0.02
43 8 [1] 0 0.02
43 6 [2, 3] 1 0.02
43 6 [2, 3] 1 0.02
43 2 [0, 2, 3] 1 0.02
43 6 [2, 3] 1 0.02
43 8 [1] 3 0.02
43 1 [2, 3] 1 0.02
43 7 [1, 3] 2 0.02
43 8 [1] 3 0.01
43 7 [1, 3] 0 0.01
43 8 [1] 0 0.01
43 2 [0, 2, 3] 1 0.01
43 7 [1, 3] 2 0.01
43 1 [2, 3] 0 0.02
43 6 [2, 3] 1 0.02
43 8 [1] 3 0.01
43 0 [0, 1, 3] 0 0.01
44 1 [2, 3] 1 0.01
44 1 [2, 3] 1 0.01
44 8 [1] 3 0.01
44 6 [2, 3] 1 0.01
44 6 [2, 3] 1 0.01
44 5 [0, 3] 1 0.01
44 1 [2, 3] 0 0.01
44 1 [2, 3] 1 0.01
44 7 [1, 3] 2 0.01
44 6 [2, 3] 1 0.01
44 6 [2, 3] 1 0.01
44 6 [2, 3] 1 0.01
44 7 [1, 3] 2 0.01
44 7 [1, 3] 2 0.01
44 7 [1, 3] 2 0.01
44 7 [1, 3] 2 0.01
44 1 [2, 3] 1 0.01
44 7 [1, 3] 0 0.01
44 2 [0, 2, 3] 1 0.01
44 2 [0, 2, 3] 1 0.01
44 1 [2, 3] 0 0.01
44 6 [2, 3] 3 0.01
45 6 [2, 3] 0 0.01
45 5 [0, 3] 1 0.02
45 1 [2, 3] 1 0.02
45 8 [1] 3 0.02
45 1 [2, 3] 1 0.02
45 2 [0, 2, 3] 1 0.02
45 6 [2, 3] 1 0.02
45 5 [0, 3] 1 0.02
45 1 [2, 3] 1 0.01
45 6 [2, 3] 1 0.02
45 7 [1, 3] 2 0.01
45 7 [1, 3] 2 0.01
45 6 [2, 3] 1 0.01
45 7 [1, 3] 2 0.01
45 5 [0, 3] 1 0.01
45 8 [1] 3 0.01
45 5 [0, 3] 1 0.01
45 6 [2, 3] 1 0.01
45 5 [0, 3] 1 0.01
45 1 [2, 3] 3 0.01
46 1 [2, 3] 1 0.33
46 1 [2, 3] 0 0.15
46 1 [2, 3] 1 0.18
46 7 [1, 3] 2 0.02
46 8 [1] 3 0.02
46 6 [2, 3] 1 0.02
46 2 [0, 2, 3] 1 0.02
46 7 [1, 3] 2 0.02
46 2 [0, 2, 3] 1 0.02
46 2 [0, 2, 3] 1 0.02
46 6 [2, 3] 1 0.02
46 8 [1] 3 0.02
46 1 [2, 3] 1 0.02
46 5 [0, 3] 1 0.02
46 2 [0, 2, 3] 1 0.02
46 5 [0, 3] 1 0.02
46 5 [0, 3] 1 0.02
46 7 [1, 3] 2 0.02
46 8 [1] 2 0.02
46 6 [2, 3] 1 0.02
46 5 [0, 3] 1 0.02
46 6 [2, 3] 1 0.02
46 5 [0, 3] 1 0.02
46 7 [1, 3] 2 0.02
46 6 [2, 3] 1 0.02
46 8 [1] 0 0.02
46 7 [1, 3] 2 0.02
46 5 [0, 3] 1 0.02
46 1 [2, 3] 1 0.02
46 6 [2, 3] 1 0.02
46 7 [1, 3] 2 0.02
46 2 [0, 2, 3] 1 0.02
46 2 [0, 2, 3] 1 0.02
46 3 [0, 1, 2] 0 0.02
47 6 [2, 3] 1 0.04
47 1 [2, 3] 1 0.01
47 8 [1] 3 0.01
47 8 [1] 0 0.01
47 7 [1, 3] 2 0.01
47 7 [1, 3] 2 0.01
47 7 [1, 3] 2 0.01
47 5 [0, 3] 1 0.01
47 5 [0, 3] 1 0.01
47 5 [0, 3] 1 0.01
47 6 [2, 3] 0 0.01
47 5 [0, 3] 1 0.01
47 7 [1, 3] 2 0.01
47 8 [1] 3 0.01
47 5 [0, 3] 1 0.01
47 7 [1, 3] 2 0.01
47 2 [0, 2, 3] 1 0.01
47 7 [1, 3] 2 0.01
47 7 [1, 3] 2 0.01
47 2 [0, 2, 3] 1 0.01
47 4 [0, 2, 3] 0 0.01
48 8 [1] 3 0.01
48 8 [1] 3 0.01
48 7 [1, 3] 2 0.01
48 8 [1] 3 0.01
48 8 [1] 3 0.01
48 1 [2, 3] 1 0.01
48 1 [2, 3] 1 0.01
48 6 [2, 3] 1 0.02
48 1 [2, 3] 1 0.02
48 8 [1] 3 0.01
48 8 [1] 0 0.01
48 7 [1, 3] 0 0.01
48 8 [1] 0 0.01
48 1 [2, 3] 1 0.01
48 6 [2, 3] 1 0.01
48 6 [2, 3] 1 0.01
48 6 [2, 3] 0 0.01
48 2 [0, 2, 3] 1 0.01
48 2 [0, 2, 3] 1 0.01
48 7 [1, 3] 0 0.01
48 1 [2, 3] 3 0.01
49 6 [2, 3] 1 0.00
49 1 [2, 3] 1 0.00
49 5 [0, 3] 1 0.01
49 1 [2, 3] 1 0.01
49 6 [2, 3] 0 0.01
49 7 [1, 3] 2 0.01
49 7 [1, 3] 2 0.01
49 7 [1, 3] 2 0.01
49 2 [0, 2, 3] 1 0.01
49 1 [2, 3] 1 0.01
49 1 [2, 3] 1 0.01
49 2 [0, 2, 3] 1 0.01
49 1 [2, 3] 1 0.01
49 7 [1, 3] 2 0.01
49 6 [2, 3] 1 0.01
49 6 [2, 3] 1 0.01
49 6 [2, 3] 1 0.01
49 5 [0, 3] 1 0.01
49 6 [2, 3] 1 0.01
49 6 [2, 3] 0 0.01
49 7 [1, 3] 2 0.01
49 7 [1, 3] 2 0.01
49 8 [1] 1 0.01
50 8 [1] 3 0.01
50 5 [0, 3] 1 0.02
50 5 [0, 3] 1 0.03
50 1 [2, 3] 1 0.02
50 2 [0, 2, 3] 1 0.01
50 5 [0, 3] 1 0.01
50 5 [0, 3] 1 0.01
50 7 [1, 3] 2 0.01
50 7 [1, 3] 2 0.01
50 5 [0, 3] 1 0.01
50 2 [0, 2, 3] 1 0.01
50 6 [2, 3] 1 0.01
50 1 [2, 3] 0 0.01
50 2 [0, 2, 3] 1 0.01
50 6 [2, 3] 1 0.01
50 8 [1] 3 0.01
50 6 [2, 3] 0 0.01
50 7 [1, 3] 2 0.01
50 7 [1, 3] 0 0.01
50 7 [1, 3] 2 0.01
50 7 [1, 3] 2 0.01
50 2 [0, 2, 3] 2 0.01
51 6 [2, 3] 1 0.01
51 1 [2, 3] 1 0.03
51 2 [0, 2, 3] 1 0.03
51 6 [2, 3] 1 0.04
51 5 [0, 3] 1 0.02
51 8 [1] 3 0.02
51 8 [1] 3 0.03
51 8 [1] 3 0.03
51 6 [2, 3] 1 0.03
51 7 [1, 3] 2 0.02
51 6 [2, 3] 1 0.02
51 7 [1, 3] 2 0.02
51 6 [2, 3] 1 0.03
51 7 [1, 3] 2 0.02
51 6 [2, 3] 1 0.02
51 2 [0, 2, 3] 1 0.01
51 8 [1] 3 0.01
51 5 [0, 3] 1 0.01
51 6 [2, 3] 1 0.01
51 6 [2, 3] 1 0.01
51 2 [0, 2, 3] 1 0.01
51 6 [2, 3] 1 0.01
51 8 [1] 1 0.01
52 6 [2, 3] 1 0.03
52 4 [0, 2, 3] 1 0.03
52 4 [0, 2, 3] 1 0.04
52 4 [0, 2, 3] 1 0.05
52 4 [0, 2, 3] 1 0.06
52 6 [2, 3] 0 0.03
52 7 [1, 3] 0 0.02
52 8 [1] 0 0.02
52 8 [1] 3 0.02
52 6 [2, 3] 1 0.01
52 2 [0, 2, 3] 1 0.01
52 6 [2, 3] 1 0.02
52 1 [2, 3] 0 0.02
52 2 [0, 2, 3] 1 0.02
52 7 [1, 3] 2 0.01
52 8 [1] 3 0.01
52 2 [0, 2, 3] 1 0.01
52 7 [1, 3] 2 0.01
52 5 [0, 3] 1 0.02
52 6 [2, 3] 1 0.02
52 7 [1, 3] 2 0.02
52 6 [2, 3] 1 0.02
52 7 [1, 3] 2 0.02
52 6 [2, 3] 1 0.02
52 7 [1, 3] 2 0.02
52 1 [2, 3] 0 0.02
52 7 [1, 3] 2 0.02
52 4 [0, 2, 3] 1 0.01
52 8 [1] 1 0.01
53 6 [2, 3] 1 0.08
53 4 [0, 2, 3] 1 0.02
53 5 [0, 3] 1 0.02
53 7 [1, 3] 2 0.02
53 7 [1, 3] 2 0.02
53 5 [0, 3] 1 0.02
53 5 [0, 3] 1 0.02
53 6 [2, 3] 0 0.02
53 7 [1, 3] 0 0.01
53 5 [0, 3] 1 0.01
53 6 [2, 3] 1 0.01
53 6 [2, 3] 1 0.01
53 6 [2, 3] 1 0.01
53 6 [2, 3] 1 0.01
53 6 [2, 3] 1 0.01
53 5 [0, 3] 1 0.01
53 6 [2, 3] 1 0.01
53 6 [2, 3] 1 0.02
53 1 [2, 3] 0 0.02
53 5 [0, 3] 1 0.02
53 7 [1, 3] 2 0.02
53 7 [1, 3] 2 0.02
53 5 [0, 3] 1 0.02
53 6 [2, 3] 1 0.02
53 7 [1, 3] 2 0.02
53 6 [2, 3] 1 0.02
53 7 [1, 3] 2 0.02
53 1 [2, 3] 0 0.02
53 2 [0, 2, 3] 1 0.02
53 8 [1] 3 0.02
53 7 [1, 3] 2 0.02
53 7 [1, 3] 1 0.02
54 5 [0, 3] 1 0.07
54 6 [2, 3] 1 0.01
54 6 [2, 3] 1 0.02
54 6 [2, 3] 1 0.02
54 6 [2, 3] 1 0.03
54 8 [1] 3 0.02
54 5 [0, 3] 1 0.03
54 5 [0, 3] 1 0.03
54 8 [1] 3 0.03
54 7 [1, 3] 0 0.03
54 6 [2, 3] 1 0.03
54 2 [0, 2, 3] 1 0.03
54 7 [1, 3] 2 0.03
54 7 [1, 3] 2 0.03
54 6 [2, 3] 1 0.03
54 6 [2, 3] 1 0.02
54 8 [1] 0 0.02
54 5 [0, 3] 1 0.02
54 6 [2, 3] 1 0.02
54 5 [0, 3] 1 0.02
54 7 [1, 3] 2 0.02
54 8 [1] 0 0.02
54 7 [1, 3] 2 0.02
54 6 [2, 3] 1 0.02
54 7 [1, 3] 0 0.02
54 7 [1, 3] 0 0.02
54 2 [0, 2, 3] 1 0.01
54 7 [1, 3] 2 0.02
54 6 [2, 3] 1 0.02
54 6 [2, 3] 1 0.02
54 6 [2, 3] 1 0.02
54 1 [2, 3] 3 0.02
55 6 [2, 3] 1 0.02
55 2 [0, 2, 3] 1 0.01
55 8 [1] 3 0.01
55 5 [0, 3] 1 0.01
55 5 [0, 3] 1 0.01
55 7 [1, 3] 2 0.01
55 7 [1, 3] 2 0.01
55 1 [2, 3] 1 0.02
55 7 [1, 3] 2 0.02
55 5 [0, 3] 1 0.02
55 7 [1, 3] 0 0.02
55 1 [2, 3] 1 0.02
55 1 [2, 3] 1 0.02
55 1 [2, 3] 1 0.02
55 7 [1, 3] 2 0.02
55 6 [2, 3] 1 0.02
55 6 [2, 3] 1 0.02
55 8 [1] 3 0.02
55 5 [0, 3] 1 0.02
55 7 [1, 3] 2 0.02
55 8 [1] 3 0.02
55 7 [1, 3] 2 0.02
55 8 [1] 3 0.02
55 7 [1, 3] 2 0.02
55 6 [2, 3] 1 0.02
55 2 [0, 2, 3] 1 0.02
55 7 [1, 3] 2 0.02
55 6 [2, 3] 1 0.02
55 7 [1, 3] 2 0.02
55 6 [2, 3] 1 0.02
55 6 [2, 3] 1 0.02
55 8 [1] 3 0.02
55 7 [1, 3] 2 0.02
55 6 [2, 3] 1 0.02
55 6 [2, 3] 1 0.02
55 8 [1] 3 0.02
55 4 [0, 2, 3] 0 0.02
56 6 [2, 3] 1 0.02
56 7 [1, 3] 2 0.02
56 1 [2, 3] 0 0.01
56 1 [2, 3] 1 0.01
56 8 [1] 0 0.01
56 7 [1, 3] 2 0.01
56 2 [0, 2, 3] 1 0.01
56 2 [0, 2, 3] 1 0.01
56 2 [0, 2, 3] 1 0.01
56 7 [1, 3] 2 0.01
56 7 [1, 3] 2 0.01
56 8 [1] 3 0.01
56 7 [1, 3] 2 0.01
56 5 [0, 3] 1 0.01
56 8 [1] 0 0.01
56 7 [1, 3] 0 0.01
56 7 [1, 3] 0 0.01
56 4 [0, 2, 3] 1 0.01
56 7 [1, 3] 0 0.01
56 6 [2, 3] 1 0.01
56 7 [1, 3] 2 0.01
56 6 [2, 3] 1 0.01
56 7 [1, 3] 2 0.01
56 7 [1, 3] 2 0.01
56 5 [0, 3] 1 0.02
56 6 [2, 3] 1 0.02
56 6 [2, 3] 1 0.02
56 5 [0, 3] 1 0.02
56 7 [1, 3] 2 0.02
56 6 [2, 3] 1 0.02
56 6 [2, 3] 1 0.02
56 5 [0, 3] 1 0.02
56 7 [1, 3] 2 0.02
56 8 [1] 0 0.02
56 6 [2, 3] 1 0.02
56 6 [2, 3] 1 0.02
56 6 [2, 3] 1 0.02
56 5 [0, 3] 1 0.02
56 1 [2, 3] 3 0.02
57 5 [0, 3] 1 0.50
57 2 [0, 2, 3] 1 0.22
57 1 [2, 3] 1 0.02
57 6 [2, 3] 1 0.02
57 6 [2, 3] 1 0.02
57 7 [1, 3] 2 0.02
57 7 [1, 3] 2 0.02
57 7 [1, 3] 2 0.02
57 2 [0, 2, 3] 1 0.02
57 6 [2, 3] 1 0.02
57 2 [0, 2, 3] 1 0.02
57 7 [1, 3] 2 0.01
57 7 [1, 3] 0 0.02
57 5 [0, 3] 1 0.01
57 2 [0, 2, 3] 1 0.01
57 8 [1] 0 0.01
57 2 [0, 2, 3] 1 0.01
57 8 [1] 0 0.01
57 2 [0, 2, 3] 1 0.01
57 6 [2, 3] 1 0.01
57 7 [1, 3] 2 0.01
57 6 [2, 3] 1 0.01
57 6 [2, 3] 1 0.01
57 1 [2, 3] 1 0.01
57 7 [1, 3] 0 0.01
57 8 [1] 1 0.01
58 5 [0, 3] 1 0.02
58 8 [1] 3 0.02
58 7 [1, 3] 2 0.01
58 7 [1, 3] 0 0.02
58 8 [1] 3 0.02
58 8 [1] 3 0.02
58 8 [1] 0 0.02
58 6 [2, 3] 1 0.01
58 8 [1] 0 0.02
58 6 [2, 3] 1 0.01
58 6 [2, 3] 1 0.01
58 6 [2, 3] 1 0.01
58 5 [0, 3] 1 0.01
58 6 [2, 3] 0 0.01
58 7 [1, 3] 2 0.01
58 7 [1, 3] 0 0.01
58 2 [0, 2, 3] 1 0.01
58 5 [0, 3] 1 0.02
58 2 [0, 2, 3] 1 0.01
58 1 [2, 3] 1 0.01
58 8 [1] 3 0.01
58 8 [1] 3 0.01
58 6 [2, 3] 1 0.01
58 6 [2, 3] 1 0.01
58 7 [1, 3] 2 0.01
58 9 [0, 1, 2] 2 0.01
59 7 [1, 3] 2 0.02
59 6 [2, 3] 1 0.02
59 8 [1] 3 0.01
59 6 [2, 3] 1 0.01
59 6 [2, 3] 1 0.01
59 8 [1] 0 0.01
59 7 [1, 3] 2 0.01
59 6 [2, 3] 1 0.01
59 7 [1, 3] 2 0.01
59 6 [2, 3] 1 0.01
59 2 [0, 2, 3] 1 0.01
59 6 [2, 3] 1 0.01
59 2 [0, 2, 3] 1 0.01
59 6 [2, 3] 1 0.01
59 6 [2, 3] 1 0.01
59 6 [2, 3] 1 0.02
59 7 [1, 3] 2 0.01
59 7 [1, 3] 2 0.01
59 7 [1, 3] 2 0.01
59 6 [2, 3] 1 0.01
59 5 [0, 3] 1 0.01
59 7 [1, 3] 2 0.01
59 8 [1] 3 0.01
59 7 [1, 3] 2 0.01
59 5 [0, 3] 0 0.01
60 1 [2, 3] 1 0.01
60 7 [1, 3] 2 0.01
60 8 [1] 0 0.01
60 7 [1, 3] 2 0.02
60 8 [1] 0 0.02
60 8 [1] 3 0.02
60 7 [1, 3] 2 0.01
60 5 [0, 3] 1 0.01
60 5 [0, 3] 1 0.01
60 7 [1, 3] 2 0.01
60 1 [2, 3] 1 0.01
60 7 [1, 3] 2 0.01
60 5 [0, 3] 1 0.01
60 5 [0, 3] 1 0.01
60 6 [2, 3] 1 0.01
60 7 [1, 3] 2 0.01
60 5 [0, 3] 1 0.01
60 8 [1] 0 0.01
60 7 [1, 3] 2 0.01
60 7 [1, 3] 2 0.01
60 1 [2, 3] 0 0.01
60 7 [1, 3] 2 0.01
60 6 [2, 3] 2 0.01
61 1 [2, 3] 1 0.04
61 5 [0, 3] 1 0.04
61 5 [0, 3] 1 0.05
61 8 [1] 3 0.03
61 8 [1] 3 0.04
61 1 [2, 3] 1 0.03
61 8 [1] 3 0.01
61 2 [0, 2, 3] 1 0.02
61 8 [1] 3 0.02
61 6 [2, 3] 1 0.01
61 5 [0, 3] 1 0.01
61 7 [1, 3] 2 0.01
61 7 [1, 3] 2 0.01
61 7 [1, 3] 2 0.01
61 1 [2, 3] 1 0.01
61 7 [1, 3] 2 0.01
61 7 [1, 3] 2 0.01
61 6 [2, 3] 1 0.01
61 5 [0, 3] 1 0.01
61 1 [2, 3] 1 0.01
61 5 [0, 3] 1 0.01
61 6 [2, 3] 1 0.01
61 6 [2, 3] 1 0.01
61 6 [2, 3] 1 0.01
61 2 [0, 2, 3] 1 0.01
61 8 [1] 3 0.01
61 6 [2, 3] 1 0.01
61 8 [1] 3 0.01
61 7 [1, 3] 0 0.01
61 1 [2, 3] 1 0.02
61 7 [1, 3] 2 0.02
61 8 [1] 1 0.02
62 2 [0, 2, 3] 1 0.04
62 5 [0, 3] 1 0.02
62 1 [2, 3] 1 0.02
62 6 [2, 3] 1 0.01
62 6 [2, 3] 1 0.01
62 6 [2, 3] 1 0.01
62 6 [2, 3] 1 0.01
62 6 [2, 3] 1 0.01
62 5 [0, 3] 1 0.01
62 6 [2, 3] 1 0.01
62 7 [1, 3] 2 0.01
62 7 [1, 3] 0 0.01
62 7 [1, 3] 2 0.01
62 6 [2, 3] 1 0.01
62 7 [1, 3] 0 0.02
62 8 [1] 3 0.02
62 6 [2, 3] 1 0.02
62 7 [1, 3] 2 0.02
62 5 [0, 3] 1 0.02
62 6 [2, 3] 1 0.01
62 7 [1, 3] 2 0.01
62 5 [0, 3] 1 0.01
62 7 [1, 3] 2 0.02
62 1 [2, 3] 1 0.01
62 2 [0, 2, 3] 1 0.01
62 7 [1, 3] 2 0.01
62 6 [2, 3] 1 0.01
62 0 [0, 1, 3] 0 0.01
63 5 [0, 3] 1 0.50
63 8 [1] 0 0.06
63 8 [1] 3 0.01
63 1 [2, 3] 1 0.01
63 8 [1] 3 0.01
63 8 [1] 3 0.02
63 1 [2, 3] 1 0.02
63 2 [0, 2, 3] 1 0.01
63 8 [1] 0 0.02
63 7 [1, 3] 2 0.02
63 6 [2, 3] 1 0.01
63 6 [2, 3] 1 0.01
63 7 [1, 3] 2 0.01
63 7 [1, 3] 2 0.01
63 1 [2, 3] 0 0.01
63 7 [1, 3] 2 0.01
63 8 [1] 3 0.01
63 8 [1] 3 0.01
63 5 [0, 3] 1 0.01
63 7 [1, 3] 2 0.01
63 7 [1, 3] 2 0.01
63 8 [1] 3 0.01
63 7 [1, 3] 0 0.01
63 6 [2, 3] 1 0.01
63 8 [1] 3 0.01
63 1 [2, 3] 0 0.01
63 8 [1] 1 0.01
64 1 [2, 3] 1 0.01
64 7 [1, 3] 2 0.02
64 5 [0, 3] 1 0.01
64 1 [2, 3] 0 0.02
64 5 [0, 3] 1 0.02
64 6 [2, 3] 1 0.02
64 5 [0, 3] 1 0.02
64 7 [1, 3] 2 0.02
64 8 [1] 0 0.02
64 6 [2, 3] 1 0.02
64 6 [2, 3] 0 0.02
64 8 [1] 3 0.02
64 8 [1] 3 0.02
64 8 [1] 3 0.02
64 8 [1] 3 0.02
64 8 [1] 3 0.02
64 6 [2, 3] 0 0.02
64 6 [2, 3] 1 0.02
64 7 [1, 3] 2 0.02
64 8 [1] 3 0.02
64 8 [1] 3 0.02
64 8 [1] 3 0.02
64 8 [1] 3 0.02
64 5 [0, 3] 1 0.02
64 7 [1, 3] 2 0.02
64 7 [1, 3] 0 0.02
64 7 [1, 3] 2 0.02
64 2 [0, 2, 3] 1 0.02
64 2 [0, 2, 3] 1 0.02
64 6 [2, 3] 1 0.02
64 7 [1, 3] 2 0.02
64 2 [0, 2, 3] 1 0.02
64 2 [0, 2, 3] 1 0.02
64 6 [2, 3] 1 0.02
64 6 [2, 3] 1 0.02
64 5 [0, 3] 1 0.02
64 6 [2, 3] 1 0.02
64 1 [2, 3] 1 0.02
64 7 [1, 3] 2 0.02
64 7 [1, 3] 2 0.02
64 8 [1] 3 0.02
64 3 [0, 1, 2] 0 0.02
65 5 [0, 3] 1 0.33
65 5 [0, 3] 1 0.25
65 7 [1, 3] 2 0.06
65 1 [2, 3] 1 0.05
65 6 [2, 3] 0 0.06
65 6 [2, 3] 1 0.03
65 6 [2, 3] 1 0.04
65 8 [1] 3 0.04
65 8 [1] 3 0.04
65 7 [1, 3] 2 0.03
65 2 [0, 2, 3] 1 0.02
65 7 [1, 3] 2 0.02
65 7 [1, 3] 2 0.02
65 1 [2, 3] 1 0.02
65 1 [2, 3] 1 0.02
65 4 [0, 2, 3] 1 0.02
65 7 [1, 3] 2 0.02
65 7 [1, 3] 2 0.02
65 2 [0, 2, 3] 1 0.02
65 6 [2, 3] 1 0.02
65 5 [0, 3] 1 0.02
65 6 [2, 3] 1 0.02
65 5 [0, 3] 1 0.02
65 1 [2, 3] 1 0.02
65 1 [2, 3] 1 0.02
65 1 [2, 3] 1 0.02
65 1 [2, 3] 1 0.02
65 2 [0, 2, 3] 1 0.02
65 7 [1, 3] 0 0.02
65 2 [0, 2, 3] 1 0.02
65 2 [0, 2, 3] 1 0.02
65 5 [0, 3] 1 0.02
65 6 [2, 3] 1 0.02
65 1 [2, 3] 1 0.02
65 8 [1] 3 0.02
65 7 [1, 3] 2 0.02
65 6 [2, 3] 1 0.02
65 5 [0, 3] 1 0.02
65 8 [1] 0 0.02
65 7 [1, 3] 2 0.02
65 7 [1, 3] 2 0.02
65 6 [2, 3] 2 0.02
66 2 [0, 2, 3] 1 0.02
66 7 [1, 3] 2 0.02
66 7 [1, 3] 0 0.02
66 7 [1, 3] 2 0.02
66 8 [1] 0 0.02
66 6 [2, 3] 1 0.02
66 1 [2, 3] 1 0.02
66 1 [2, 3] 1 0.02
66 7 [1, 3] 2 0.02
66 2 [0, 2, 3] 1 0.02
66 1 [2, 3] 1 0.02
66 6 [2, 3] 0 0.03
66 8 [1] 3 0.03
66 6 [2, 3] 0 0.03
66 6 [2, 3] 0 0.03
66 2 [0, 2, 3] 1 0.02
66 5 [0, 3] 1 0.02
66 5 [0, 3] 1 0.02
66 7 [1, 3] 2 0.01
66 5 [0, 3] 1 0.01
66 5 [0, 3] 1 0.01
66 2 [0, 2, 3] 1 0.01
66 2 [0, 2, 3] 1 0.01
66 6 [2, 3] 1 0.01
66 2 [0, 2, 3] 1 0.01
66 1 [2, 3] 0 0.01
66 1 [2, 3] 1 0.01
66 1 [2, 3] 1 0.01
66 1 [2, 3] 1 0.01
66 9 [0, 1, 2] 2 0.01
67 5 [0, 3] 1 1.00
67 4 [0, 2, 3] 1 0.03
67 2 [0, 2, 3] 1 0.02
67 6 [2, 3] 1 0.01
67 2 [0, 2, 3] 1 0.02
67 2 [0, 2, 3] 1 0.02
67 7 [1, 3] 2 0.02
67 6 [2, 3] 1 0.02
67 5 [0, 3] 1 0.01
67 1 [2, 3] 1 0.01
67 2 [0, 2, 3] 1 0.01
67 7 [1, 3] 2 0.01
67 7 [1, 3] 2 0.01
67 7 [1, 3] 2 0.01
67 5 [0, 3] 1 0.02
67 7 [1, 3] 2 0.02
67 5 [0, 3] 1 0.02
67 2 [0, 2, 3] 1 0.02
67 8 [1] 3 0.02
67 7 [1, 3] 2 0.01
67 2 [0, 2, 3] 1 0.01
67 7 [1, 3] 2 0.01
67 2 [0, 2, 3] 1 0.02
67 7 [1, 3] 0 0.02
67 5 [0, 3] 1 0.02
67 5 [0, 3] 1 0.02
67 7 [1, 3] 2 0.02
67 6 [2, 3] 1 0.02
67 5 [0, 3] 1 0.02
67 5 [0, 3] 1 0.02
67 7 [1, 3] 0 0.02
67 7 [1, 3] 2 0.02
67 5 [0, 3] 1 0.02
67 6 [2, 3] 1 0.02
67 8 [1] 3 0.02
67 6 [2, 3] 1 0.02
67 5 [0, 3] 0 0.02
68 1 [2, 3] 1 0.14
68 2 [0, 2, 3] 1 0.14
68 8 [1] 0 0.05
68 4 [0, 2, 3] 1 0.05
68 6 [2, 3] 1 0.04
68 7 [1, 3] 2 0.02
68 8 [1] 3 0.02
68 1 [2, 3] 1 0.02
68 1 [2, 3] 1 0.02
68 7 [1, 3] 2 0.02
68 7 [1, 3] 2 0.02
68 2 [0, 2, 3] 1 0.02
68 8 [1] 3 0.02
68 2 [0, 2, 3] 1 0.01
68 5 [0, 3] 1 0.01
68 5 [0, 3] 1 0.02
68 8 [1] 3 0.01
68 4 [0, 2, 3] 1 0.02
68 2 [0, 2, 3] 1 0.02
68 2 [0, 2, 3] 1 0.01
68 1 [2, 3] 1 0.01
68 8 [1] 3 0.01
68 7 [1, 3] 2 0.01
68 7 [1, 3] 0 0.01
68 6 [2, 3] 1 0.01
68 7 [1, 3] 2 0.01
68 2 [0, 2, 3] 1 0.01
68 2 [0, 2, 3] 1 0.02
68 6 [2, 3] 1 0.02
68 6 [2, 3] 1 0.02
68 2 [0, 2, 3] 1 0.02
68 7 [1, 3] 0 0.02
68 7 [1, 3] 2 0.02
68 9 [0, 1, 2] 2 0.02
69 6 [2, 3] 1 0.20
69 8 [1] 0 0.12
69 7 [1, 3] 2 0.08
69 7 [1, 3] 2 0.05
69 1 [2, 3] 1 0.05
69 1 [2, 3] 1 0.06
69 6 [2, 3] 1 0.07
69 7 [1, 3] 0 0.06
69 6 [2, 3] 1 0.06
69 5 [0, 3] 1 0.06
69 6 [2, 3] 0 0.07
69 1 [2, 3] 1 0.07
69 1 [2, 3] 1 0.08
69 7 [1, 3] 2 0.07
69 8 [1] 3 0.07
69 8 [1] 3 0.06
69 8 [1] 0 0.07
69 8 [1] 0 0.06
69 7 [1, 3] 2 0.06
69 5 [0, 3] 1 0.05
69 5 [0, 3] 2 0.05
69 1 [2, 3] 1 0.05
69 1 [2, 3] 1 0.05
69 6 [2, 3] 1 0.04
69 6 [2, 3] 1 0.04
69 5 [0, 3] 1 0.04
69 7 [1, 3] 2 0.04
69 2 [0, 2, 3] 1 0.03
69 5 [0, 3] 1 0.03
69 6 [2, 3] 1 0.03
69 6 [2, 3] 1 0.03
69 8 [1] 3 0.03
69 5 [0, 3] 1 0.03
69 7 [1, 3] 2 0.03
69 7 [1, 3] 0 0.03
69 7 [1, 3] 2 0.03
69 7 [1, 3] 2 0.03
69 5 [0, 3] 1 0.04
69 2 [0, 2, 3] 1 0.03
69 5 [0, 3] 1 0.03
69 5 [0, 3] 1 0.03
69 1 [2, 3] 1 0.03
69 6 [2, 3] 1 0.02
69 2 [0, 2, 3] 1 0.02
69 8 [1] 3 0.02
69 7 [1, 3] 2 0.02
69 7 [1, 3] 2 0.02
69 7 [1, 3] 2 0.03
69 1 [2, 3] 3 0.02
70 8 [1] 3 0.02
70 8 [1] 3 0.01
70 1 [2, 3] 1 0.01
70 6 [2, 3] 1 0.01
70 8 [1] 3 0.01
70 8 [1] 3 0.01
70 6 [2, 3] 1 0.02
70 2 [0, 2, 3] 1 0.02
70 6 [2, 3] 1 0.02
70 5 [0, 3] 1 0.02
70 7 [1, 3] 2 0.02
70 7 [1, 3] 2 0.02
70 5 [0, 3] 1 0.02
70 5 [0, 3] 1 0.02
70 7 [1, 3] 2 0.02
70 8 [1] 3 0.02
70 7 [1, 3] 2 0.02
70 1 [2, 3] 0 0.02
70 8 [1] 0 0.02
70 8 [1] 3 0.02
70 7 [1, 3] 2 0.02
70 5 [0, 3] 1 0.02
70 5 [0, 3] 1 0.02
70 2 [0, 2, 3] 1 0.02
70 5 [0, 3] 1 0.02
70 5 [0, 3] 1 0.02
70 1 [2, 3] 1 0.02
70 1 [2, 3] 1 0.02
70 1 [2, 3] 1 0.02
70 8 [1] 3 0.02
70 7 [1, 3] 0 0.02
70 8 [1] 3 0.02
70 7 [1, 3] 2 0.02
70 5 [0, 3] 1 0.02
70 6 [2, 3] 1 0.02
70 2 [0, 2, 3] 1 0.02
70 5 [0, 3] 1 0.02
70 6 [2, 3] 1 0.02
70 5 [0, 3] 1 0.02
70 7 [1, 3] 2 0.02
70 6 [2, 3] 1 0.02
70 5 [0, 3] 1 0.02
70 6 [2, 3] 1 0.02
70 6 [2, 3] 1 0.02
70 7 [1, 3] 2 0.02
70 6 [2, 3] 1 0.02
70 6 [2, 3] 1 0.02
70 6 [2, 3] 1 0.02
70 6 [2, 3] 1 0.02
70 3 [0, 1, 2] 0 0.02
71 7 [1, 3] 0 0.02
71 7 [1, 3] 2 0.02
71 8 [1] 3 0.03
71 7 [1, 3] 2 0.03
71 8 [1] 0 0.03
71 1 [2, 3] 0 0.04
71 6 [2, 3] 1 0.04
71 6 [2, 3] 1 0.05
71 5 [0, 3] 1 0.04
71 8 [1] 3 0.03
71 7 [1, 3] 2 0.03
71 8 [1] 3 0.03
71 2 [0, 2, 3] 1 0.03
71 2 [0, 2, 3] 1 0.03
71 7 [1, 3] 2 0.04
71 2 [0, 2, 3] 1 0.04
71 8 [1] 3 0.04
71 7 [1, 3] 2 0.04
71 1 [2, 3] 0 0.04
71 8 [1] 0 0.03
71 8 [1] 0 0.03
71 6 [2, 3] 1 0.03
71 5 [0, 3] 1 0.03
71 6 [2, 3] 1 0.03
71 7 [1, 3] 2 0.03
71 7 [1, 3] 2 0.04
71 7 [1, 3] 2 0.03
71 6 [2, 3] 0 0.03
71 2 [0, 2, 3] 1 0.03
71 5 [0, 3] 1 0.03
71 2 [0, 2, 3] 1 0.03
71 6 [2, 3] 1 0.03
71 7 [1, 3] 2 0.03
71 1 [2, 3] 1 0.03
71 7 [1, 3] 2 0.02
71 8 [1] 0 0.02
71 4 [0, 2, 3] 1 0.02
71 4 [0, 2, 3] 1 0.02
71 1 [2, 3] 0 0.02
71 5 [0, 3] 1 0.02
71 7 [1, 3] 2 0.02
71 7 [1, 3] 2 0.02
71 6 [2, 3] 0 0.03
71 8 [1] 0 0.03
71 6 [2, 3] 1 0.03
71 6 [2, 3] 1 0.03
71 1 [2, 3] 0 0.03
71 8 [1] 0 0.03
71 9 [0, 1, 2] 2 0.02
72 7 [1, 3] 2 0.04
72 6 [2, 3] 1 0.06
72 5 [0, 3] 1 0.08
72 1 [2, 3] 1 0.06
72 1 [2, 3] 1 0.07
72 6 [2, 3] 1 0.02
72 2 [0, 2, 3] 1 0.03
72 8 [1] 3 0.02
72 8 [1] 0 0.02
72 7 [1, 3] 2 0.02
72 5 [0, 3] 1 0.02
72 5 [0, 3] 1 0.02
72 1 [2, 3] 0 0.02
72 6 [2, 3] 1 0.02
72 1 [2, 3] 0 0.02
72 5 [0, 3] 1 0.02
72 2 [0, 2, 3] 1 0.02
72 2 [0, 2, 3] 1 0.02
72 5 [0, 3] 1 0.02
72 8 [1] 0 0.02
72 7 [1, 3] 0 0.02
72 7 [1, 3] 2 0.02
72 4 [0, 2, 3] 1 0.02
72 7 [1, 3] 2 0.02
72 1 [2, 3] 1 0.02
72 7 [1, 3] 2 0.02
72 7 [1, 3] 2 0.02
72 6 [2, 3] 1 0.02
72 2 [0, 2, 3] 1 0.02
72 2 [0, 2, 3] 1 0.02
72 5 [0, 3] 1 0.02
72 7 [1, 3] 2 0.02
72 8 [1] 3 0.02
72 5 [0, 3] 1 0.02
72 5 [0, 3] 2 0.02
72 5 [0, 3] 2 0.02
72 6 [2, 3] 1 0.02
72 6 [2, 3] 1 0.02
72 7 [1, 3] 2 0.02
72 2 [0, 2, 3] 1 0.02
72 6 [2, 3] 1 0.02
72 6 [2, 3] 1 0.02
72 8 [1] 0 0.02
72 6 [2, 3] 1 0.02
72 8 [1] 0 0.02
72 6 [2, 3] 1 0.02
72 9 [0, 1, 2] 2 0.02
73 6 [2, 3] 1 0.05
73 8 [1] 3 0.01
73 8 [1] 3 0.01
73 8 [1] 3 0.01
73 8 [1] 3 0.01
73 7 [1, 3] 2 0.01
73 7 [1, 3] 2 0.02
73 7 [1, 3] 0 0.02
73 5 [0, 3] 1 0.02
73 7 [1, 3] 2 0.02
73 7 [1, 3] 2 0.02
73 7 [1, 3] 2 0.02
73 7 [1, 3] 2 0.02
73 6 [2, 3] 1 0.02
73 6 [2, 3] 1 0.02
73 1 [2, 3] 1 0.02
73 8 [1] 3 0.02
73 1 [2, 3] 1 0.02
73 7 [1, 3] 2 0.02
73 5 [0, 3] 1 0.02
73 6 [2, 3] 1 0.02
73 6 [2, 3] 1 0.02
73 8 [1] 3 0.02
73 8 [1] 0 0.02
73 2 [0, 2, 3] 1 0.02
73 1 [2, 3] 1 0.02
73 7 [1, 3] 2 0.02
73 6 [2, 3] 1 0.02
73 8 [1] 3 0.02
73 1 [2, 3] 1 0.02
73 6 [2, 3] 1 0.02
73 7 [1, 3] 2 0.02
73 7 [1, 3] 2 0.02
73 7 [1, 3] 2 0.02
73 5 [0, 3] 1 0.02
73 6 [2, 3] 1 0.02
73 6 [2, 3] 1 0.02
73 2 [0, 2, 3] 1 0.02
73 8 [1] 0 0.02
73 5 [0, 3] 2 0.02
73 6 [2, 3] 1 0.02
73 1 [2, 3] 3 0.02
74 6 [2, 3] 1 0.03
74 1 [2, 3] 1 0.03
74 1 [2, 3] 1 0.02
74 1 [2, 3] 1 0.02
74 6 [2, 3] 1 0.02
74 6 [2, 3] 1 0.02
74 6 [2, 3] 1 0.03
74 5 [0, 3] 1 0.03
74 6 [2, 3] 1 0.03
74 8 [1] 3 0.03
74 8 [1] 3 0.03
74 2 [0, 2, 3] 1 0.03
74 2 [0, 2, 3] 1 0.03
74 6 [2, 3] 1 0.03
74 6 [2, 3] 1 0.03
74 8 [1] 2 0.03
74 4 [0, 2, 3] 1 0.03
74 5 [0, 3] 2 0.03
74 0 [0, 1, 3] 2 0.03
74 2 [0, 2, 3] 1 0.03
74 8 [1] 0 0.02
74 7 [1, 3] 0 0.02
74 7 [1, 3] 2 0.02
74 8 [1] 3 0.02
74 6 [2, 3] 1 0.02
74 5 [0, 3] 1 0.02
74 1 [2, 3] 1 0.02
74 8 [1] 0 0.02
74 7 [1, 3] 2 0.02
74 6 [2, 3] 1 0.02
74 2 [0, 2, 3] 1 0.02
74 6 [2, 3] 1 0.02
74 1 [2, 3] 1 0.02
74 8 [1] 3 0.02
74 8 [1] 3 0.02
74 7 [1, 3] 2 0.02
74 6 [2, 3] 1 0.02
74 6 [2, 3] 1 0.02
74 5 [0, 3] 0 0.02
75 6 [2, 3] 1 0.12
75 7 [1, 3] 2 0.02
75 8 [1] 3 0.02
75 8 [1] 3 0.03
75 1 [2, 3] 1 0.03
75 7 [1, 3] 2 0.03
75 7 [1, 3] 2 0.03
75 7 [1, 3] 2 0.03
75 2 [0, 2, 3] 1 0.03
75 8 [1] 3 0.03
75 7 [1, 3] 2 0.03
75 8 [1] 3 0.04
75 7 [1, 3] 2 0.04
75 7 [1, 3] 2 0.04
75 7 [1, 3] 2 0.04
75 6 [2, 3] 1 0.03
75 1 [2, 3] 1 0.03
75 7 [1, 3] 2 0.03
75 2 [0, 2, 3] 1 0.03
75 6 [2, 3] 1 0.03
75 7 [1, 3] 0 0.03
75 8 [1] 0 0.03
75 1 [2, 3] 1 0.03
75 1 [2, 3] 1 0.03
75 1 [2, 3] 0 0.03
75 6 [2, 3] 1 0.03
75 7 [1, 3] 2 0.03
75 1 [2, 3] 0 0.03
75 2 [0, 2, 3] 1 0.03
75 6 [2, 3] 1 0.03
75 6 [2, 3] 1 0.03
75 1 [2, 3] 1 0.02
75 2 [0, 2, 3] 1 0.02
75 2 [0, 2, 3] 1 0.03
75 7 [1, 3] 2 0.02
75 1 [2, 3] 1 0.03
75 7 [1, 3] 2 0.02
75 1 [2, 3] 0 0.02
75 2 [0, 2, 3] 1 0.02
75 2 [0, 2, 3] 1 0.02
75 2 [0, 2, 3] 1 0.02
75 6 [2, 3] 1 0.02
75 2 [0, 2, 3] 1 0.02
75 6 [2, 3] 1 0.02
75 8 [1] 0 0.02
75 6 [2, 3] 1 0.02
75 1 [2, 3] 1 0.03
75 7 [1, 3] 2 0.02
75 1 [2, 3] 1 0.02
75 2 [0, 2, 3] 2 0.02
76 8 [1] 3 0.02
76 7 [1, 3] 2 0.02
76 1 [2, 3] 1 0.03
76 6 [2, 3] 1 0.04
76 1 [2, 3] 1 0.04
76 7 [1, 3] 2 0.04
76 8 [1] 3 0.04
76 5 [0, 3] 1 0.03
76 7 [1, 3] 2 0.03
76 6 [2, 3] 1 0.02
76 8 [1] 3 0.03
76 6 [2, 3] 1 0.03
76 6 [2, 3] 1 0.03
76 6 [2, 3] 1 0.03
76 6 [2, 3] 1 0.02
76 5 [0, 3] 1 0.03
76 7 [1, 3] 2 0.02
76 5 [0, 3] 1 0.02
76 6 [2, 3] 1 0.03
76 6 [2, 3] 1 0.03
76 6 [2, 3] 1 0.03
76 7 [1, 3] 2 0.03
76 7 [1, 3] 2 0.03
76 6 [2, 3] 0 0.03
76 6 [2, 3] 1 0.03
76 7 [1, 3] 0 0.03
76 8 [1] 3 0.03
76 5 [0, 3] 1 0.02
76 2 [0, 2, 3] 1 0.02
76 2 [0, 2, 3] 1 0.02
76 5 [0, 3] 1 0.02
76 6 [2, 3] 1 0.02
76 5 [0, 3] 1 0.02
76 1 [2, 3] 0 0.02
76 8 [1] 3 0.02
76 8 [1] 0 0.02
76 5 [0, 3] 1 0.02
76 4 [0, 2, 3] 0 0.02
77 6 [2, 3] 1 0.03
77 5 [0, 3] 1 0.05
77 1 [2, 3] 1 0.05
77 7 [1, 3] 0 0.05
77 7 [1, 3] 2 0.04
77 7 [1, 3] 2 0.03
77 8 [1] 3 0.02
77 8 [1] 3 0.02
77 7 [1, 3] 2 0.02
77 6 [2, 3] 1 0.02
77 5 [0, 3] 1 0.02
77 1 [2, 3] 1 0.03
77 1 [2, 3] 1 0.03
77 8 [1] 3 0.02
77 8 [1] 0 0.02
77 6 [2, 3] 1 0.02
77 1 [2, 3] 1 0.02
77 1 [2, 3] 1 0.02
77 2 [0, 2, 3] 1 0.02
77 8 [1] 3 0.02
77 5 [0, 3] 1 0.02
77 8 [1] 0 0.02
77 6 [2, 3] 1 0.01
77 5 [0, 3] 1 0.01
77 1 [2, 3] 0 0.02
77 2 [0, 2, 3] 1 0.02
77 7 [1, 3] 2 0.02
77 6 [2, 3] 1 0.02
77 6 [2, 3] 1 0.02
77 6 [2, 3] 1 0.02
77 2 [0, 2, 3] 1 0.02
77 1 [2, 3] 3 0.02
78 7 [1, 3] 2 0.03
78 4 [0, 2, 3] 1 0.03
78 5 [0, 3] 1 0.04
78 5 [0, 3] 1 0.03
78 1 [2, 3] 1 0.04
78 8 [1] 3 0.04
78 6 [2, 3] 1 0.04
78 7 [1, 3] 2 0.02
78 7 [1, 3] 2 0.02
78 7 [1, 3] 2 0.02
78 4 [0, 2, 3] 1 0.02
78 6 [2, 3] 1 0.03
78 6 [2, 3] 0 0.03
78 6 [2, 3] 1 0.03
78 5 [0, 3] 1 0.03
78 4 [0, 2, 3] 1 0.03
78 6 [2, 3] 1 0.03
78 7 [1, 3] 2 0.03
78 8 [1] 3 0.03
78 6 [2, 3] 1 0.03
78 4 [0, 2, 3] 1 0.02
78 2 [0, 2, 3] 1 0.02
78 7 [1, 3] 2 0.02
78 6 [2, 3] 1 0.02
78 6 [2, 3] 1 0.03
78 7 [1, 3] 2 0.03
78 7 [1, 3] 2 0.03
78 7 [1, 3] 2 0.03
78 7 [1, 3] 2 0.03
78 5 [0, 3] 1 0.03
78 7 [1, 3] 2 0.03
78 7 [1, 3] 2 0.03
78 5 [0, 3] 1 0.03
78 8 [1] 3 0.03
78 5 [0, 3] 1 0.03
78 7 [1, 3] 2 0.03
78 7 [1, 3] 2 0.03
78 7 [1, 3] 2 0.03
78 7 [1, 3] 2 0.03
78 5 [0, 3] 1 0.03
78 7 [1, 3] 2 0.03
78 6 [2, 3] 1 0.03
78 5 [0, 3] 1 0.03
78 8 [1] 3 0.03
78 6 [2, 3] 1 0.03
78 7 [1, 3] 2 0.03
78 8 [1] 3 0.03
78 6 [2, 3] 1 0.03
78 7 [1, 3] 2 0.03
78 8 [1] 3 0.03
78 7 [1, 3] 2 0.03
78 6 [2, 3] 1 0.03
78 5 [0, 3] 0 0.03
79 6 [2, 3] 0 0.01
79 7 [1, 3] 0 0.01
79 6 [2, 3] 1 0.02
79 6 [2, 3] 1 0.02
79 7 [1, 3] 2 0.02
79 6 [2, 3] 1 0.02
79 6 [2, 3] 1 0.02
79 7 [1, 3] 0 0.02
79 2 [0, 2, 3] 1 0.02
79 7 [1, 3] 2 0.02
79 5 [0, 3] 1 0.02
79 6 [2, 3] 1 0.02
79 6 [2, 3] 1 0.02
79 6 [2, 3] 1 0.02
79 5 [0, 3] 1 0.02
79 5 [0, 3] 1 0.02
79 5 [0, 3] 1 0.02
79 6 [2, 3] 1 0.02
79 1 [2, 3] 1 0.02
79 6 [2, 3] 1 0.03
79 7 [1, 3] 2 0.03
79 7 [1, 3] 2 0.03
79 6 [2, 3] 1 0.02
79 8 [1] 3 0.02
79 2 [0, 2, 3] 1 0.02
79 2 [0, 2, 3] 1 0.02
79 6 [2, 3] 1 0.02
79 5 [0, 3] 1 0.02
79 8 [1] 0 0.02
79 7 [1, 3] 2 0.02
79 8 [1] 0 0.02
79 8 [1] 3 0.02
79 5 [0, 3] 1 0.02
79 7 [1, 3] 2 0.02
79 6 [2, 3] 1 0.02
79 8 [1] 0 0.03
79 8 [1] 0 0.03
79 2 [0, 2, 3] 1 0.03
79 8 [1] 3 0.03
79 2 [0, 2, 3] 1 0.03
79 5 [0, 3] 1 0.02
79 8 [1] 3 0.02
79 6 [2, 3] 0 0.02
79 8 [1] 3 0.02
79 5 [0, 3] 1 0.02
79 6 [2, 3] 1 0.02
79 6 [2, 3] 1 0.02
79 5 [0, 3] 1 0.02
79 2 [0, 2, 3] 1 0.02
79 1 [2, 3] 2 0.02
80 5 [0, 3] 1 0.08
80 6 [2, 3] 1 0.03
80 1 [2, 3] 1 0.02
80 4 [0, 2, 3] 1 0.03
80 2 [0, 2, 3] 1 0.03
80 8 [1] 3 0.02
80 8 [1] 3 0.02
80 7 [1, 3] 2 0.02
80 6 [2, 3] 1 0.02
80 6 [2, 3] 1 0.02
80 6 [2, 3] 1 0.02
80 8 [1] 3 0.02
80 2 [0, 2, 3] 1 0.02
80 2 [0, 2, 3] 1 0.02
80 6 [2, 3] 1 0.02
80 6 [2, 3] 1 0.02
80 5 [0, 3] 1 0.02
80 7 [1, 3] 2 0.02
80 8 [1] 3 0.02
80 8 [1] 3 0.02
80 6 [2, 3] 1 0.02
80 7 [1, 3] 2 0.02
80 2 [0, 2, 3] 1 0.02
80 7 [1, 3] 0 0.02
80 7 [1, 3] 0 0.02
80 6 [2, 3] 1 0.03
80 7 [1, 3] 0 0.03
80 7 [1, 3] 2 0.02
80 5 [0, 3] 1 0.02
80 8 [1] 3 0.02
80 6 [2, 3] 1 0.03
80 1 [2, 3] 0 0.03
80 7 [1, 3] 2 0.02
80 7 [1, 3] 2 0.02
80 1 [2, 3] 0 0.03
80 7 [1, 3] 0 0.02
80 7 [1, 3] 0 0.03
80 8 [1] 3 0.02
80 4 [0, 2, 3] 1 0.02
80 6 [2, 3] 1 0.02
80 7 [1, 3] 2 0.02
80 6 [2, 3] 1 0.02
80 6 [2, 3] 1 0.02
80 2 [0, 2, 3] 2 0.02
81 7 [1, 3] 2 0.05
81 8 [1] 3 0.03
81 5 [0, 3] 1 0.03
81 8 [1] 3 0.03
81 8 [1] 0 0.04
81 5 [0, 3] 1 0.03
81 6 [2, 3] 1 0.03
81 5 [0, 3] 1 0.03
81 1 [2, 3] 1 0.02
81 7 [1, 3] 2 0.02
81 4 [0, 2, 3] 1 0.02
81 1 [2, 3] 1 0.02
81 1 [2, 3] 1 0.03
81 1 [2, 3] 1 0.03
81 5 [0, 3] 1 0.03
81 5 [0, 3] 1 0.03
81 6 [2, 3] 1 0.03
81 7 [1, 3] 0 0.03
81 8 [1] 0 0.03
81 5 [0, 3] 1 0.02
81 8 [1] 3 0.02
81 7 [1, 3] 2 0.02
81 7 [1, 3] 2 0.02
81 7 [1, 3] 2 0.02
81 8 [1] 2 0.02
81 6 [2, 3] 1 0.03
81 7 [1, 3] 2 0.03
81 7 [1, 3] 2 0.03
81 5 [0, 3] 1 0.03
81 6 [2, 3] 1 0.03
81 6 [2, 3] 1 0.03
81 5 [0, 3] 1 0.03
81 6 [2, 3] 1 0.03
81 8 [1] 0 0.02
81 7 [1, 3] 2 0.03
81 1 [2, 3] 0 0.03
81 5 [0, 3] 1 0.03
81 7 [1, 3] 0 0.03
81 7 [1, 3] 2 0.03
81 6 [2, 3] 1 0.03
81 7 [1, 3] 2 0.03
81 6 [2, 3] 1 0.03
81 7 [1, 3] 2 0.03
81 1 [2, 3] 1 0.03
81 7 [1, 3] 2 0.03
81 2 [0, 2, 3] 1 0.03
81 1 [2, 3] 1 0.02
81 6 [2, 3] 1 0.02
81 6 [2, 3] 1 0.02
81 3 [0, 1, 2] 2 0.02
82 1 [2, 3] 1 0.12
82 8 [1] 3 0.04
82 7 [1, 3] 0 0.03
82 8 [1] 3 0.03
82 8 [1] 3 0.03
82 8 [1] 0 0.03
82 7 [1, 3] 0 0.03
82 8 [1] 3 0.02
82 6 [2, 3] 1 0.02
82 6 [2, 3] 1 0.02
82 7 [1, 3] 2 0.02
82 6 [2, 3] 1 0.02
82 2 [0, 2, 3] 1 0.02
82 6 [2, 3] 0 0.02
82 7 [1, 3] 2 0.02
82 7 [1, 3] 2 0.02
82 8 [1] 3 0.02
82 8 [1] 0 0.01
82 7 [1, 3] 0 0.01
82 6 [2, 3] 1 0.01
82 5 [0, 3] 1 0.02
82 4 [0, 2, 3] 1 0.02
82 6 [2, 3] 1 0.02
82 8 [1] 3 0.02
82 7 [1, 3] 2 0.02
82 6 [2, 3] 1 0.02
82 6 [2, 3] 1 0.01
82 6 [2, 3] 1 0.02
82 5 [0, 3] 1 0.02
82 8 [1] 0 0.02
82 8 [1] 3 0.02
82 2 [0, 2, 3] 1 0.02
82 8 [1] 3 0.02
82 8 [1] 1 0.02
83 8 [1] 3 0.02
83 8 [1] 3 0.02
83 2 [0, 2, 3] 1 0.02
83 6 [2, 3] 1 0.02
83 8 [1] 0 0.03
83 6 [2, 3] 1 0.01
83 7 [1, 3] 2 0.02
83 5 [0, 3] 2 0.01
83 6 [2, 3] 0 0.02
83 7 [1, 3] 2 0.02
83 6 [2, 3] 1 0.02
83 1 [2, 3] 1 0.02
83 6 [2, 3] 1 0.02
83 6 [2, 3] 1 0.02
83 7 [1, 3] 2 0.02
83 6 [2, 3] 1 0.02
83 5 [0, 3] 1 0.02
83 6 [2, 3] 0 0.02
83 5 [0, 3] 2 0.02
83 5 [0, 3] 1 0.02
83 4 [0, 2, 3] 1 0.02
83 5 [0, 3] 1 0.02
83 7 [1, 3] 0 0.02
83 6 [2, 3] 1 0.02
83 8 [1] 3 0.02
83 2 [0, 2, 3] 1 0.02
83 1 [2, 3] 1 0.02
83 5 [0, 3] 1 0.02
83 6 [2, 3] 0 0.02
83 5 [0, 3] 1 0.02
83 2 [0, 2, 3] 1 0.02
83 8 [1] 3 0.02
83 5 [0, 3] 1 0.02
83 6 [2, 3] 1 0.02
83 2 [0, 2, 3] 1 0.02
83 8 [1] 3 0.02
83 7 [1, 3] 2 0.02
83 2 [0, 2, 3] 2 0.02
84 5 [0, 3] 1 0.01
84 6 [2, 3] 1 0.01
84 5 [0, 3] 1 0.02
84 8 [1] 3 0.02
84 8 [1] 3 0.02
84 8 [1] 3 0.02
84 8 [1] 3 0.02
84 8 [1] 3 0.02
84 6 [2, 3] 1 0.02
84 1 [2, 3] 1 0.03
84 6 [2, 3] 1 0.03
84 6 [2, 3] 0 0.03
84 6 [2, 3] 1 0.03
84 7 [1, 3] 0 0.02
84 7 [1, 3] 0 0.02
84 1 [2, 3] 0 0.02
84 8 [1] 0 0.03
84 6 [2, 3] 1 0.03
84 6 [2, 3] 1 0.03
84 8 [1] 3 0.03
84 5 [0, 3] 1 0.03
84 5 [0, 3] 1 0.03
84 7 [1, 3] 2 0.02
84 6 [2, 3] 1 0.02
84 6 [2, 3] 1 0.02
84 8 [1] 3 0.02
84 8 [1] 3 0.02
84 5 [0, 3] 1 0.02
84 6 [2, 3] 1 0.02
84 8 [1] 3 0.02
84 7 [1, 3] 2 0.02
84 1 [2, 3] 1 0.02
84 5 [0, 3] 1 0.02
84 1 [2, 3] 1 0.02
84 7 [1, 3] 0 0.02
84 1 [2, 3] 1 0.02
84 5 [0, 3] 1 0.03
84 6 [2, 3] 1 0.03
84 6 [2, 3] 1 0.03
84 6 [2, 3] 1 0.03
84 1 [2, 3] 1 0.02
84 7 [1, 3] 2 0.02
84 8 [1] 0 0.02
84 8 [1] 0 0.02
84 1 [2, 3] 0 0.02
84 7 [1, 3] 2 0.02
84 6 [2, 3] 1 0.02
84 8 [1] 0 0.02
84 7 [1, 3] 2 0.03
84 6 [2, 3] 1 0.03
84 3 [0, 1, 2] 2 0.03
85 8 [1] 0 0.01
85 5 [0, 3] 1 0.02
85 5 [0, 3] 1 0.03
85 8 [1] 0 0.03
85 5 [0, 3] 1 0.03
85 8 [1] 3 0.03
85 8 [1] 3 0.04
85 8 [1] 3 0.03
85 1 [2, 3] 1 0.03
85 1 [2, 3] 1 0.03
85 6 [2, 3] 1 0.03
85 5 [0, 3] 1 0.03
85 7 [1, 3] 2 0.02
85 7 [1, 3] 2 0.02
85 5 [0, 3] 1 0.02
85 7 [1, 3] 2 0.02
85 1 [2, 3] 0 0.02
85 8 [1] 3 0.02
85 6 [2, 3] 1 0.02
85 5 [0, 3] 1 0.02
85 8 [1] 3 0.02
85 5 [0, 3] 1 0.02
85 6 [2, 3] 1 0.02
85 2 [0, 2, 3] 1 0.02
85 1 [2, 3] 1 0.02
85 8 [1] 3 0.02
85 6 [2, 3] 1 0.02
85 7 [1, 3] 0 0.02
85 1 [2, 3] 1 0.02
85 6 [2, 3] 1 0.02
85 5 [0, 3] 1 0.02
85 7 [1, 3] 2 0.02
85 2 [0, 2, 3] 1 0.02
85 8 [1] 0 0.02
85 7 [1, 3] 2 0.02
85 6 [2, 3] 1 0.02
85 1 [2, 3] 1 0.02
85 7 [1, 3] 2 0.02
85 2 [0, 2, 3] 2 0.02
86 7 [1, 3] 2 0.02
86 8 [1] 3 0.03
86 5 [0, 3] 1 0.04
86 6 [2, 3] 1 0.02
86 8 [1] 3 0.03
86 6 [2, 3] 1 0.03
86 6 [2, 3] 1 0.04
86 8 [1] 3 0.04
86 7 [1, 3] 2 0.04
86 8 [1] 3 0.05
86 6 [2, 3] 1 0.05
86 8 [1] 3 0.05
86 8 [1] 0 0.04
86 8 [1] 3 0.04
86 8 [1] 3 0.04
86 7 [1, 3] 2 0.04
86 1 [2, 3] 1 0.03
86 8 [1] 0 0.03
86 7 [1, 3] 2 0.03
86 7 [1, 3] 2 0.03
86 1 [2, 3] 1 0.03
86 8 [1] 3 0.03
86 6 [2, 3] 1 0.02
86 7 [1, 3] 0 0.03
86 8 [1] 3 0.03
86 5 [0, 3] 1 0.03
86 7 [1, 3] 0 0.03
86 8 [1] 3 0.03
86 7 [1, 3] 2 0.03
86 6 [2, 3] 1 0.03
86 8 [1] 0 0.03
86 6 [2, 3] 0 0.03
86 8 [1] 3 0.03
86 7 [1, 3] 2 0.03
86 7 [1, 3] 2 0.03
86 5 [0, 3] 1 0.03
86 1 [2, 3] 1 0.03
86 5 [0, 3] 1 0.03
86 7 [1, 3] 2 0.03
86 8 [1] 0 0.03
86 7 [1, 3] 0 0.03
86 6 [2, 3] 1 0.03
86 6 [2, 3] 1 0.03
86 5 [0, 3] 1 0.03
86 5 [0, 3] 1 0.03
86 7 [1, 3] 2 0.03
86 6 [2, 3] 1 0.03
86 5 [0, 3] 1 0.03
86 5 [0, 3] 1 0.03
86 5 [0, 3] 2 0.03
86 6 [2, 3] 1 0.03
86 6 [2, 3] 1 0.03
86 4 [0, 2, 3] 1 0.03
86 7 [1, 3] 2 0.03
86 7 [1, 3] 2 0.03
86 7 [1, 3] 0 0.03
86 9 [0, 1, 2] 2 0.03
87 2 [0, 2, 3] 1 0.02
87 6 [2, 3] 1 0.04
87 1 [2, 3] 0 0.01
87 7 [1, 3] 2 0.02
87 8 [1] 0 0.02
87 8 [1] 3 0.02
87 8 [1] 3 0.02
87 5 [0, 3] 1 0.02
87 6 [2, 3] 0 0.02
87 8 [1] 0 0.03
87 7 [1, 3] 2 0.03
87 8 [1] 3 0.03
87 5 [0, 3] 2 0.03
87 6 [2, 3] 1 0.03
87 5 [0, 3] 1 0.03
87 6 [2, 3] 1 0.03
87 2 [0, 2, 3] 1 0.03
87 4 [0, 2, 3] 1 0.04
87 5 [0, 3] 1 0.04
87 7 [1, 3] 2 0.04
87 5 [0, 3] 1 0.04
87 6 [2, 3] 1 0.04
87 7 [1, 3] 2 0.04
87 2 [0, 2, 3] 1 0.04
87 7 [1, 3] 0 0.04
87 5 [0, 3] 1 0.04
87 7 [1, 3] 2 0.04
87 7 [1, 3] 2 0.04
87 7 [1, 3] 2 0.04
87 6 [2, 3] 1 0.04
87 6 [2, 3] 1 0.04
87 8 [1] 0 0.04
87 8 [1] 3 0.04
87 7 [1, 3] 0 0.04
87 7 [1, 3] 0 0.04
87 1 [2, 3] 0 0.04
87 5 [0, 3] 1 0.04
87 5 [0, 3] 1 0.04
87 5 [0, 3] 2 0.04
87 2 [0, 2, 3] 1 0.04
87 6 [2, 3] 1 0.04
87 7 [1, 3] 2 0.04
87 7 [1, 3] 2 0.04
87 6 [2, 3] 1 0.04
87 6 [2, 3] 1 0.04
87 7 [1, 3] 2 0.04
87 5 [0, 3] 1 0.04
87 7 [1, 3] 2 0.04
87 7 [1, 3] 2 0.04
87 1 [2, 3] 1 0.04
87 8 [1] 3 0.04
87 2 [0, 2, 3] 1 0.03
87 5 [0, 3] 1 0.03
87 6 [2, 3] 0 0.03
87 1 [2, 3] 0 0.03
87 8 [1] 0 0.03
87 2 [0, 2, 3] 1 0.03
87 6 [2, 3] 1 0.03
87 6 [2, 3] 1 0.03
87 2 [0, 2, 3] 1 0.03
87 2 [0, 2, 3] 1 0.03
87 6 [2, 3] 1 0.03
87 2 [0, 2, 3] 1 0.03
87 2 [0, 2, 3] 1 0.03
87 7 [1, 3] 2 0.03
87 2 [0, 2, 3] 1 0.03
87 2 [0, 2, 3] 1 0.03
87 5 [0, 3] 1 0.03
87 2 [0, 2, 3] 1 0.03
87 2 [0, 2, 3] 1 0.04
87 3 [0, 1, 2] 0 0.04
88 5 [0, 3] 1 0.50
88 7 [1, 3] 0 0.05
88 7 [1, 3] 2 0.05
88 4 [0, 2, 3] 1 0.04
88 1 [2, 3] 0 0.05
88 8 [1] 3 0.03
88 7 [1, 3] 2 0.03
88 1 [2, 3] 0 0.02
88 2 [0, 2, 3] 1 0.02
88 1 [2, 3] 0 0.02
88 6 [2, 3] 1 0.03
88 7 [1, 3] 2 0.03
88 6 [2, 3] 1 0.03
88 6 [2, 3] 1 0.03
88 7 [1, 3] 2 0.03
88 2 [0, 2, 3] 1 0.03
88 5 [0, 3] 1 0.03
88 6 [2, 3] 1 0.03
88 8 [1] 0 0.03
88 7 [1, 3] 2 0.03
88 6 [2, 3] 1 0.03
88 6 [2, 3] 1 0.02
88 8 [1] 3 0.02
88 6 [2, 3] 1 0.02
88 7 [1, 3] 2 0.03
88 5 [0, 3] 1 0.03
88 6 [2, 3] 1 0.02
88 2 [0, 2, 3] 1 0.02
88 8 [1] 3 0.02
88 8 [1] 0 0.02
88 6 [2, 3] 1 0.02
88 6 [2, 3] 1 0.02
88 6 [2, 3] 1 0.02
88 5 [0, 3] 1 0.03
88 8 [1] 3 0.03
88 7 [1, 3] 0 0.02
88 5 [0, 3] 1 0.02
88 5 [0, 3] 1 0.02
88 6 [2, 3] 1 0.02
88 8 [1] 3 0.02
88 6 [2, 3] 1 0.02
88 6 [2, 3] 1 0.02
88 5 [0, 3] 1 0.02
88 2 [0, 2, 3] 1 0.02
88 7 [1, 3] 2 0.02
88 8 [1] 3 0.02
88 6 [2, 3] 1 0.02
88 9 [0, 1, 2] 2 0.02
89 2 [0, 2, 3] 1 0.06
89 8 [1] 3 0.04
89 8 [1] 3 0.04
89 5 [0, 3] 1 0.03
89 8 [1] 3 0.03
89 5 [0, 3] 1 0.02
89 5 [0, 3] 1 0.02
89 7 [1, 3] 2 0.02
89 2 [0, 2, 3] 1 0.02
89 1 [2, 3] 0 0.02
89 8 [1] 3 0.02
89 6 [2, 3] 1 0.02
89 6 [2, 3] 1 0.02
89 5 [0, 3] 1 0.02
89 8 [1] 0 0.02
89 5 [0, 3] 1 0.02
89 7 [1, 3] 2 0.02
89 7 [1, 3] 0 0.02
89 5 [0, 3] 1 0.02
89 6 [2, 3] 1 0.02
89 5 [0, 3] 1 0.02
89 8 [1] 3 0.02
89 6 [2, 3] 1 0.02
89 7 [1, 3] 2 0.02
89 7 [1, 3] 0 0.02
89 6 [2, 3] 1 0.02
89 5 [0, 3] 1 0.02
89 7 [1, 3] 2 0.02
89 5 [0, 3] 1 0.02
89 5 [0, 3] 1 0.02
89 7 [1, 3] 2 0.02
89 7 [1, 3] 2 0.02
89 7 [1, 3] 2 0.02
89 7 [1, 3] 2 0.02
89 6 [2, 3] 1 0.02
89 8 [1] 3 0.02
89 1 [2, 3] 1 0.02
89 5 [0, 3] 3 0.02
90 6 [2, 3] 1 1.00
90 7 [1, 3] 2 0.09
90 7 [1, 3] 2 0.03
90 8 [1] 3 0.03
90 7 [1, 3] 0 0.03
90 7 [1, 3] 2 0.03
90 8 [1] 3 0.03
90 0 [0, 1, 3] 2 0.03
90 7 [1, 3] 2 0.03
90 6 [2, 3] 1 0.03
90 8 [1] 3 0.03
90 2 [0, 2, 3] 1 0.03
90 6 [2, 3] 1 0.03
90 7 [1, 3] 2 0.03
90 8 [1] 3 0.03
90 7 [1, 3] 0 0.03
90 8 [1] 3 0.03
90 8 [1] 3 0.03
90 2 [0, 2, 3] 1 0.03
90 2 [0, 2, 3] 1 0.04
90 1 [2, 3] 0 0.04
90 6 [2, 3] 1 0.04
90 7 [1, 3] 2 0.03
90 7 [1, 3] 0 0.03
90 8 [1] 3 0.03
90 5 [0, 3] 1 0.03
90 8 [1] 0 0.04
90 1 [2, 3] 0 0.04
90 8 [1] 3 0.03
90 6 [2, 3] 1 0.03
90 6 [2, 3] 1 0.03
90 6 [2, 3] 1 0.03
90 8 [1] 3 0.03
90 8 [1] 3 0.03
90 8 [1] 3 0.03
90 8 [1] 3 0.03
90 6 [2, 3] 1 0.03
90 6 [2, 3] 1 0.03
90 6 [2, 3] 1 0.03
90 7 [1, 3] 2 0.03
90 8 [1] 3 0.03
90 8 [1] 0 0.03
90 8 [1] 3 0.03
90 7 [1, 3] 0 0.03
90 4 [0, 2, 3] 1 0.03
90 8 [1] 0 0.03
90 7 [1, 3] 2 0.03
90 6 [2, 3] 1 0.03
90 8 [1] 0 0.03
90 5 [0, 3] 1 0.03
90 1 [2, 3] 1 0.03
90 7 [1, 3] 2 0.03
90 1 [2, 3] 0 0.03
90 1 [2, 3] 0 0.03
90 5 [0, 3] 2 0.03
90 4 [0, 2, 3] 0 0.03
91 2 [0, 2, 3] 1 0.03
91 6 [2, 3] 1 0.04
91 5 [0, 3] 1 0.02
91 6 [2, 3] 1 0.02
91 8 [1] 3 0.02
91 7 [1, 3] 0 0.02
91 5 [0, 3] 1 0.02
91 6 [2, 3] 1 0.02
91 8 [1] 3 0.02
91 6 [2, 3] 1 0.03
91 7 [1, 3] 0 0.03
91 6 [2, 3] 1 0.03
91 8 [1] 3 0.03
91 5 [0, 3] 1 0.03
91 7 [1, 3] 2 0.03
91 6 [2, 3] 1 0.03
91 7 [1, 3] 0 0.03
91 5 [0, 3] 1 0.02
91 6 [2, 3] 0 0.02
91 8 [1] 0 0.02
91 8 [1] 3 0.02
91 5 [0, 3] 1 0.02
91 7 [1, 3] 2 0.02
91 7 [1, 3] 2 0.02
91 7 [1, 3] 2 0.02
91 2 [0, 2, 3] 1 0.03
91 7 [1, 3] 0 0.03
91 7 [1, 3] 2 0.03
91 5 [0, 3] 1 0.03
91 7 [1, 3] 2 0.03
91 6 [2, 3] 0 0.03
91 5 [0, 3] 1 0.03
91 2 [0, 2, 3] 1 0.03
91 6 [2, 3] 1 0.03
91 8 [1] 0 0.03
91 8 [1] 3 0.03
91 5 [0, 3] 1 0.03
91 8 [1] 3 0.03
91 7 [1, 3] 2 0.03
91 8 [1] 0 0.03
91 4 [0, 2, 3] 1 0.03
91 5 [0, 3] 1 0.03
91 8 [1] 3 0.03
91 6 [2, 3] 1 0.03
91 1 [2, 3] 0 0.03
91 5 [0, 3] 2 0.03
91 8 [1] 3 0.03
91 7 [1, 3] 2 0.03
91 6 [2, 3] 1 0.03
91 7 [1, 3] 2 0.03
91 6 [2, 3] 0 0.03
91 6 [2, 3] 1 0.03
91 7 [1, 3] 2 0.03
91 6 [2, 3] 1 0.03
91 1 [2, 3] 0 0.03
91 6 [2, 3] 1 0.03
91 5 [0, 3] 1 0.03
92 8 [1] 0 0.02
92 1 [2, 3] 1 0.03
92 5 [0, 3] 1 0.03
92 7 [1, 3] 2 0.04
92 8 [1] 3 0.04
92 5 [0, 3] 1 0.04
92 8 [1] 3 0.03
92 8 [1] 3 0.03
92 8 [1] 3 0.04
92 6 [2, 3] 1 0.04
92 7 [1, 3] 0 0.04
92 8 [1] 3 0.04
92 1 [2, 3] 1 0.04
92 6 [2, 3] 1 0.04
92 8 [1] 0 0.04
92 7 [1, 3] 0 0.04
92 7 [1, 3] 2 0.04
92 8 [1] 0 0.05
92 7 [1, 3] 2 0.05
92 8 [1] 3 0.05
92 6 [2, 3] 1 0.04
92 1 [2, 3] 0 0.05
92 7 [1, 3] 2 0.05
92 5 [0, 3] 1 0.05
92 5 [0, 3] 1 0.05
92 6 [2, 3] 1 0.05
92 8 [1] 3 0.04
92 6 [2, 3] 1 0.04
92 7 [1, 3] 0 0.05
92 4 [0, 2, 3] 1 0.03
92 8 [1] 0 0.03
92 7 [1, 3] 0 0.04
92 6 [2, 3] 1 0.04
92 5 [0, 3] 1 0.04
92 1 [2, 3] 0 0.03
92 8 [1] 3 0.03
92 8 [1] 3 0.03
92 6 [2, 3] 1 0.03
92 5 [0, 3] 1 0.03
92 5 [0, 3] 1 0.03
92 8 [1] 3 0.03
92 8 [1] 0 0.03
92 6 [2, 3] 1 0.03
92 5 [0, 3] 1 0.03
92 8 [1] 0 0.03
92 8 [1] 3 0.03
92 8 [1] 0 0.04
92 8 [1] 3 0.04
92 2 [0, 2, 3] 1 0.04
92 8 [1] 0 0.04
92 8 [1] 3 0.04
92 8 [1] 3 0.04
92 2 [0, 2, 3] 1 0.04
92 7 [1, 3] 2 0.04
92 6 [2, 3] 1 0.04
92 1 [2, 3] 1 0.04
92 2 [0, 2, 3] 1 0.04
92 7 [1, 3] 2 0.04
92 6 [2, 3] 1 0.04
92 2 [0, 2, 3] 1 0.04
92 2 [0, 2, 3] 1 0.04
92 2 [0, 2, 3] 1 0.03
92 7 [1, 3] 2 0.03
92 6 [2, 3] 1 0.03
92 1 [2, 3] 3 0.03
93 6 [2, 3] 1 0.08
93 6 [2, 3] 1 0.07
93 6 [2, 3] 1 0.03
93 8 [1] 0 0.04
93 8 [1] 0 0.04
93 6 [2, 3] 1 0.04
93 5 [0, 3] 1 0.05
93 1 [2, 3] 1 0.04
93 6 [2, 3] 1 0.03
93 8 [1] 3 0.04
93 6 [2, 3] 1 0.04
93 8 [1] 3 0.04
93 8 [1] 3 0.04
93 8 [1] 3 0.04
93 7 [1, 3] 0 0.04
93 2 [0, 2, 3] 1 0.04
93 7 [1, 3] 2 0.04
93 6 [2, 3] 1 0.04
93 7 [1, 3] 2 0.04
93 7 [1, 3] 2 0.04
93 6 [2, 3] 1 0.04
93 6 [2, 3] 1 0.04
93 6 [2, 3] 1 0.04
93 8 [1] 0 0.03
93 5 [0, 3] 1 0.03
93 5 [0, 3] 1 0.03
93 1 [2, 3] 0 0.03
93 5 [0, 3] 1 0.03
93 8 [1] 0 0.03
93 5 [0, 3] 1 0.03
93 6 [2, 3] 1 0.03
93 1 [2, 3] 1 0.03
93 1 [2, 3] 1 0.03
93 6 [2, 3] 1 0.03
93 2 [0, 2, 3] 1 0.03
93 6 [2, 3] 1 0.03
93 8 [1] 0 0.03
93 8 [1] 3 0.03
93 7 [1, 3] 2 0.03
93 2 [0, 2, 3] 1 0.03
93 1 [2, 3] 1 0.03
93 8 [1] 0 0.03
93 7 [1, 3] 2 0.03
93 2 [0, 2, 3] 1 0.03
93 2 [0, 2, 3] 1 0.03
93 5 [0, 3] 1 0.03
93 6 [2, 3] 1 0.03
93 7 [1, 3] 2 0.03
93 7 [1, 3] 2 0.03
93 5 [0, 3] 1 0.03
93 7 [1, 3] 2 0.03
93 6 [2, 3] 1 0.03
93 6 [2, 3] 1 0.03
93 2 [0, 2, 3] 1 0.03
93 6 [2, 3] 1 0.03
93 1 [2, 3] 0 0.03
93 7 [1, 3] 2 0.03
93 6 [2, 3] 1 0.03
93 5 [0, 3] 1 0.03
93 5 [0, 3] 1 0.03
93 2 [0, 2, 3] 1 0.03
93 6 [2, 3] 1 0.03
93 2 [0, 2, 3] 1 0.03
93 2 [0, 2, 3] 1 0.03
93 5 [0, 3] 1 0.03
93 7 [1, 3] 2 0.03
93 5 [0, 3] 1 0.03
93 4 [0, 2, 3] 3 0.03
94 7 [1, 3] 2 0.01
94 5 [0, 3] 1 0.02
94 5 [0, 3] 1 0.02
94 1 [2, 3] 1 0.03
94 8 [1] 3 0.02
94 7 [1, 3] 2 0.02
94 8 [1] 3 0.03
94 2 [0, 2, 3] 1 0.02
94 7 [1, 3] 2 0.02
94 4 [0, 2, 3] 1 0.02
94 2 [0, 2, 3] 1 0.02
94 5 [0, 3] 1 0.02
94 7 [1, 3] 2 0.02
94 5 [0, 3] 1 0.02
94 7 [1, 3] 0 0.02
94 2 [0, 2, 3] 1 0.02
94 6 [2, 3] 1 0.02
94 6 [2, 3] 1 0.02
94 7 [1, 3] 2 0.02
94 6 [2, 3] 1 0.02
94 6 [2, 3] 1 0.02
94 2 [0, 2, 3] 1 0.02
94 7 [1, 3] 0 0.02
94 6 [2, 3] 1 0.02
94 1 [2, 3] 1 0.02
94 6 [2, 3] 1 0.02
94 5 [0, 3] 1 0.02
94 6 [2, 3] 1 0.02
94 2 [0, 2, 3] 1 0.02
94 6 [2, 3] 1 0.02
94 5 [0, 3] 1 0.02
94 5 [0, 3] 1 0.02
94 6 [2, 3] 1 0.02
94 7 [1, 3] 0 0.02
94 2 [0, 2, 3] 1 0.02
94 7 [1, 3] 1 0.02
95 1 [2, 3] 1 0.04
95 8 [1] 0 0.03
95 5 [0, 3] 2 0.04
95 7 [1, 3] 2 0.04
95 5 [0, 3] 1 0.03
95 5 [0, 3] 1 0.03
95 8 [1] 3 0.03
95 2 [0, 2, 3] 1 0.03
95 7 [1, 3] 2 0.03
95 8 [1] 0 0.03
95 8 [1] 3 0.03
95 6 [2, 3] 0 0.03
95 7 [1, 3] 2 0.03
95 6 [2, 3] 1 0.03
95 5 [0, 3] 1 0.03
95 5 [0, 3] 1 0.04
95 5 [0, 3] 1 0.03
95 5 [0, 3] 1 0.03
95 7 [1, 3] 2 0.03
95 6 [2, 3] 1 0.03
95 7 [1, 3] 2 0.03
95 6 [2, 3] 1 0.02
95 5 [0, 3] 1 0.02
95 1 [2, 3] 1 0.02
95 6 [2, 3] 1 0.02
95 6 [2, 3] 1 0.02
95 8 [1] 3 0.02
95 6 [2, 3] 1 0.02
95 6 [2, 3] 1 0.02
95 5 [0, 3] 1 0.02
95 6 [2, 3] 1 0.02
95 5 [0, 3] 1 0.02
95 8 [1] 3 0.03
95 8 [1] 0 0.03
95 2 [0, 2, 3] 1 0.03
95 8 [1] 0 0.02
95 7 [1, 3] 2 0.02
95 8 [1] 3 0.02
95 4 [0, 2, 3] 1 0.02
95 8 [1] 3 0.02
95 7 [1, 3] 2 0.02
95 8 [1] 0 0.02
95 8 [1] 3 0.02
95 5 [0, 3] 3 0.02
96 1 [2, 3] 1 0.02
96 8 [1] 3 0.03
96 8 [1] 3 0.04
96 7 [1, 3] 2 0.04
96 1 [2, 3] 1 0.04
96 5 [0, 3] 1 0.05
96 1 [2, 3] 1 0.05
96 5 [0, 3] 1 0.05
96 6 [2, 3] 1 0.05
96 5 [0, 3] 1 0.05
96 7 [1, 3] 2 0.05
96 8 [1] 0 0.05
96 7 [1, 3] 2 0.04
96 8 [1] 2 0.04
96 8 [1] 3 0.04
96 5 [0, 3] 1 0.03
96 6 [2, 3] 1 0.03
96 5 [0, 3] 1 0.03
96 8 [1] 3 0.03
96 6 [2, 3] 1 0.03
96 6 [2, 3] 1 0.03
96 7 [1, 3] 2 0.03
96 5 [0, 3] 1 0.03
96 5 [0, 3] 1 0.03
96 8 [1] 0 0.03
96 8 [1] 0 0.02
96 7 [1, 3] 2 0.02
96 8 [1] 0 0.02
96 7 [1, 3] 2 0.02
96 6 [2, 3] 1 0.02
96 7 [1, 3] 2 0.02
96 7 [1, 3] 0 0.02
96 5 [0, 3] 1 0.02
96 6 [2, 3] 1 0.02
96 6 [2, 3] 1 0.02
96 5 [0, 3] 1 0.02
96 6 [2, 3] 1 0.02
96 7 [1, 3] 2 0.02
96 8 [1] 3 0.02
96 6 [2, 3] 1 0.02
96 8 [1] 3 0.02
96 8 [1] 3 0.02
96 2 [0, 2, 3] 1 0.02
96 6 [2, 3] 1 0.02
96 5 [0, 3] 1 0.02
96 1 [2, 3] 3 0.02
97 1 [2, 3] 1 0.01
97 7 [1, 3] 2 0.02
97 6 [2, 3] 1 0.02
97 1 [2, 3] 0 0.03
97 1 [2, 3] 0 0.03
97 6 [2, 3] 1 0.02
97 5 [0, 3] 1 0.02
97 6 [2, 3] 1 0.03
97 6 [2, 3] 1 0.03
97 5 [0, 3] 1 0.03
97 1 [2, 3] 0 0.03
97 5 [0, 3] 1 0.04
97 6 [2, 3] 1 0.03
97 7 [1, 3] 2 0.03
97 5 [0, 3] 1 0.04
97 7 [1, 3] 2 0.04
97 2 [0, 2, 3] 1 0.04
97 5 [0, 3] 1 0.04
97 6 [2, 3] 1 0.04
97 7 [1, 3] 0 0.04
97 7 [1, 3] 2 0.03
97 6 [2, 3] 1 0.03
97 7 [1, 3] 0 0.03
97 2 [0, 2, 3] 1 0.03
97 8 [1] 0 0.03
97 5 [0, 3] 1 0.04
97 8 [1] 3 0.03
97 7 [1, 3] 2 0.03
97 6 [2, 3] 1 0.03
97 1 [2, 3] 0 0.03
97 7 [1, 3] 2 0.03
97 7 [1, 3] 2 0.03
97 6 [2, 3] 1 0.03
97 7 [1, 3] 2 0.03
97 1 [2, 3] 0 0.03
97 8 [1] 3 0.03
97 7 [1, 3] 2 0.03
97 2 [0, 2, 3] 1 0.03
97 6 [2, 3] 1 0.03
97 5 [0, 3] 1 0.03
97 6 [2, 3] 1 0.03
97 7 [1, 3] 2 0.03
97 1 [2, 3] 1 0.03
97 5 [0, 3] 1 0.03
97 7 [1, 3] 2 0.03
97 8 [1] 3 0.03
97 7 [1, 3] 2 0.03
97 7 [1, 3] 0 0.02
97 6 [2, 3] 1 0.02
97 7 [1, 3] 2 0.03
97 6 [2, 3] 2 0.03
98 5 [0, 3] 1 0.01
98 1 [2, 3] 1 0.01
98 6 [2, 3] 1 0.01
98 7 [1, 3] 2 0.02
98 7 [1, 3] 0 0.02
98 5 [0, 3] 1 0.02
98 7 [1, 3] 2 0.01
98 6 [2, 3] 1 0.02
98 2 [0, 2, 3] 1 0.01
98 8 [1] 0 0.02
98 6 [2, 3] 1 0.02
98 5 [0, 3] 1 0.02
98 7 [1, 3] 2 0.02
98 6 [2, 3] 1 0.02
98 7 [1, 3] 0 0.02
98 2 [0, 2, 3] 1 0.02
98 6 [2, 3] 0 0.02
98 2 [0, 2, 3] 1 0.02
98 7 [1, 3] 2 0.02
98 7 [1, 3] 2 0.02
98 8 [1] 3 0.02
98 7 [1, 3] 2 0.02
98 5 [0, 3] 1 0.02
98 8 [1] 0 0.02
98 5 [0, 3] 2 0.02
98 7 [1, 3] 2 0.02
98 7 [1, 3] 2 0.02
98 8 [1] 0 0.02
98 6 [2, 3] 1 0.02
98 2 [0, 2, 3] 1 0.02
98 2 [0, 2, 3] 1 0.02
98 6 [2, 3] 0 0.02
98 9 [0, 1, 2] 2 0.02
99 1 [2, 3] 1 0.01
99 1 [2, 3] 1 0.02
99 6 [2, 3] 1 0.03
99 7 [1, 3] 2 0.03
99 6 [2, 3] 1 0.03
99 8 [1] 3 0.03
99 1 [2, 3] 0 0.03
99 8 [1] 0 0.03
99 5 [0, 3] 1 0.03
99 2 [0, 2, 3] 1 0.03
99 8 [1] 3 0.03
99 6 [2, 3] 1 0.03
99 2 [0, 2, 3] 1 0.03
99 1 [2, 3] 1 0.03
99 5 [0, 3] 1 0.03
99 2 [0, 2, 3] 1 0.02
99 5 [0, 3] 1 0.02
99 5 [0, 3] 1 0.02
99 6 [2, 3] 1 0.02
99 5 [0, 3] 1 0.03
99 5 [0, 3] 1 0.03
99 1 [2, 3] 1 0.03
99 5 [0, 3] 1 0.02
99 5 [0, 3] 1 0.03
99 7 [1, 3] 2 0.02
99 6 [2, 3] 1 0.02
99 7 [1, 3] 2 0.02
99 8 [1] 3 0.02
99 8 [1] 3 0.02
99 1 [2, 3] 1 0.02
99 1 [2, 3] 1 0.02
99 2 [0, 2, 3] 1 0.02
99 8 [1] 0 0.03
99 7 [1, 3] 2 0.02
99 2 [0, 2, 3] 1 0.02
99 6 [2, 3] 1 0.02
99 7 [1, 3] 2 0.02
99 2 [0, 2, 3] 1 0.02
99 2 [0, 2, 3] 1 0.02
99 6 [2, 3] 1 0.02
99 7 [1, 3] 2 0.02
99 8 [1] 3 0.02
99 8 [1] 3 0.02
99 5 [0, 3] 1 0.02
99 6 [2, 3] 1 0.02
99 1 [2, 3] 1 0.02
99 6 [2, 3] 1 0.02
99 6 [2, 3] 1 0.02
99 6 [2, 3] 2 0.02
100 1 [2, 3] 1 0.02
100 5 [0, 3] 1 0.02
100 6 [2, 3] 1 0.01
100 6 [2, 3] 1 0.02
100 8 [1] 3 0.02
100 6 [2, 3] 1 0.02
100 6 [2, 3] 1 0.02
100 2 [0, 2, 3] 1 0.02
100 6 [2, 3] 1 0.02
100 8 [1] 0 0.02
100 6 [2, 3] 0 0.02
100 7 [1, 3] 2 0.02
100 6 [2, 3] 1 0.03
100 7 [1, 3] 2 0.03
100 5 [0, 3] 1 0.03
100 5 [0, 3] 1 0.03
100 5 [0, 3] 1 0.03
100 5 [0, 3] 1 0.03
100 6 [2, 3] 0 0.03
100 6 [2, 3] 1 0.03
100 5 [0, 3] 1 0.03
100 5 [0, 3] 1 0.03
100 6 [2, 3] 1 0.03
100 2 [0, 2, 3] 1 0.03
100 6 [2, 3] 1 0.03
100 6 [2, 3] 0 0.03
100 5 [0, 3] 1 0.03
100 7 [1, 3] 2 0.03
100 6 [2, 3] 0 0.03
100 1 [2, 3] 1 0.03
100 5 [0, 3] 1 0.03
100 6 [2, 3] 1 0.03
100 7 [1, 3] 2 0.03
100 6 [2, 3] 1 0.03
100 5 [0, 3] 1 0.03
100 5 [0, 3] 1 0.03
100 5 [0, 3] 1 0.03
100 8 [1] 3 0.03
100 6 [2, 3] 1 0.03
100 8 [1] 3 0.03
100 6 [2, 3] 1 0.03
100 2 [0, 2, 3] 1 0.03
100 2 [0, 2, 3] 1 0.03
100 8 [1] 3 0.03
100 2 [0, 2, 3] 1 0.03
100 7 [1, 3] 0 0.03
100 2 [0, 2, 3] 1 0.03
100 5 [0, 3] 1 0.03
100 7 [1, 3] 2 0.03
100 5 [0, 3] 1 0.03
100 7 [1, 3] 2 0.03
100 7 [1, 3] 2 0.03
100 7 [1, 3] 2 0.03
100 2 [0, 2, 3] 1 0.03
100 3 [0, 1, 2] 1 0.03
