1 6 [2] 3 1.00
1 6 [2] 3 1.00
1 6 [2] 3 0.75
1 2 [3] 2 0.44
1 6 [2] 3 0.25
1 6 [2] 3 0.22
1 9 [0] 3 0.21
1 6 [2] 3 0.23
1 6 [2] 3 0.23
1 6 [2] 3 0.22
1 9 [0] 3 0.22
1 6 [2] 3 0.23
1 6 [2] 3 0.23
1 6 [2] 3 0.23
1 6 [2] 3 0.18
1 2 [3] 2 0.18
1 2 [3] 2 0.18
1 2 [3] 1 0.17
1 3 [2, 3] 0 0.18
1 2 [3] 1 0.17
1 6 [2] 3 0.16
1 2 [3] 1 0.17
1 2 [3] 1 0.17
1 6 [2] 3 0.17
1 6 [2] 3 0.17
1 6 [2] 3 0.17
1 2 [3] 2 0.16
1 6 [2] 3 0.15
1 6 [2] 3 0.16
1 6 [2] 3 0.15
1 6 [2] 3 0.16
1 6 [2] 1 0.16
1 6 [2] 1 0.16
1 6 [2] 1 0.17
1 6 [2] 1 0.17
1 6 [2] 3 0.15
1 6 [2] 3 0.15
1 6 [2] 3 0.15
1 6 [2] 3 0.13
1 6 [2] 3 0.13
1 6 [2] 3 0.13
1 6 [2] 1 0.13
1 6 [2] 1 0.13
1 6 [2] 1 0.13
1 6 [2] 1 0.13
1 6 [2] 3 0.13
1 6 [2] 3 0.13
1 6 [2] 3 0.13
1 6 [2] 3 0.13
1 6 [2] 3 0.13
1 6 [2] 3 0.12
1 6 [2] 3 0.12
1 6 [2] 3 0.12
1 2 [3] 2 0.12
1 6 [2] 3 0.12
1 6 [2] 3 0.12
1 2 [3] 2 0.11
1 6 [2] 3 0.10
1 6 [2] 3 0.09
1 6 [2] 3 0.09
1 2 [3] 2 0.09
1 6 [2] 3 0.09
1 2 [3] 2 0.08
1 2 [3] 2 0.08
1 6 [2] 3 0.07
1 6 [2] 3 0.07
1 6 [2] 3 0.07
1 6 [2] 3 0.07
1 6 [2] 3 0.07
1 6 [2] 3 0.07
1 6 [2] 3 0.07
1 6 [2] 3 0.07
1 6 [2] 3 0.08
1 6 [2] 3 0.08
1 6 [2] 3 0.08
1 9 [0] 0 0.07
2 6 [2] 3 0.08
2 6 [2] 3 0.13
2 6 [2] 3 0.18
2 6 [2] 3 0.16
2 2 [3] 2 0.13
2 6 [2] 3 0.03
2 6 [2] 3 0.04
2 6 [2] 3 0.04
2 6 [2] 3 0.04
2 6 [2] 3 0.05
2 6 [2] 3 0.05
2 6 [2] 3 0.05
2 6 [2] 3 0.05
2 6 [2] 3 0.05
2 6 [2] 3 0.06
2 6 [2] 3 0.06
2 6 [2] 3 0.06
2 6 [2] 3 0.06
2 6 [2] 3 0.06
2 2 [3] 2 0.06
2 6 [2] 3 0.06
2 6 [2] 3 0.06
2 6 [2] 3 0.06
2 6 [2] 3 0.06
2 6 [2] 3 0.05
2 6 [2] 3 0.04
2 6 [2] 3 0.04
2 6 [2] 3 0.04
2 6 [2] 3 0.04
2 6 [2] 3 0.04
2 6 [2] 3 0.04
2 6 [2] 3 0.04
2 6 [2] 3 0.04
2 6 [2] 3 0.04
2 6 [2] 3 0.04
2 6 [2] 3 0.04
2 6 [2] 3 0.04
2 6 [2] 3 0.04
2 6 [2] 3 0.04
2 6 [2] 3 0.04
2 6 [2] 3 0.04
2 6 [2] 3 0.05
2 6 [2] 3 0.05
2 6 [2] 3 0.05
2 6 [2] 3 0.05
2 6 [2] 3 0.05
2 6 [2] 3 0.05
2 6 [2] 3 0.05
2 6 [2] 3 0.05
2 0 [0, 1, 3] 1 0.05
3 6 [2] 3 0.05
3 6 [2] 3 0.07
3 6 [2] 3 0.07
3 6 [2] 3 0.07
3 6 [2] 3 0.07
3 2 [3] 2 0.06
3 6 [2] 3 0.05
3 6 [2] 3 0.05
3 6 [2] 3 0.05
3 2 [3] 2 0.06
3 6 [2] 3 0.02
3 2 [3] 2 0.02
3 2 [3] 2 0.02
3 6 [2] 3 0.02
3 8 [0, 1] 0 0.01
4 6 [2] 3 0.03
4 6 [2] 3 0.04
4 6 [2] 3 0.02
4 6 [2] 3 0.03
4 6 [2] 3 0.04
4 6 [2] 3 0.04
4 2 [3] 2 0.05
4 6 [2] 3 0.02
4 6 [2] 3 0.02
4 6 [2] 3 0.02
4 6 [2] 3 0.02
4 9 [0] 3 0.02
4 6 [2] 3 0.02
4 4 [1, 2] 2 0.01
5 6 [2] 3 0.02
5 6 [2] 3 0.01
5 6 [2] 3 0.01
5 6 [2] 3 0.02
5 6 [2] 3 0.02
5 6 [2] 3 0.02
5 6 [2] 3 0.03
5 6 [2] 3 0.03
5 6 [2] 3 0.03
5 6 [2] 3 0.04
5 6 [2] 3 0.04
5 6 [2] 3 0.04
5 6 [2] 3 0.03
5 6 [2] 3 0.03
5 2 [3] 2 0.03
5 2 [3] 2 0.03
5 2 [3] 2 0.03
5 6 [2] 3 0.03
5 2 [3] 2 0.03
5 2 [3] 2 0.03
5 2 [3] 2 0.03
5 6 [2] 3 0.02
5 5 [0, 2, 3] 2 0.02
6 6 [2] 3 0.00
6 6 [2] 3 0.01
6 6 [2] 3 0.01
6 6 [2] 3 0.01
6 2 [3] 1 0.01
6 9 [0] 0 0.01
7 6 [2] 3 0.00
7 6 [2] 3 0.01
7 6 [2] 3 0.01
7 6 [2] 3 0.01
7 6 [2] 3 0.01
7 2 [3] 2 0.01
7 2 [3] 2 0.01
7 2 [3] 2 0.01
7 1 [1] 1 0.01
8 6 [2] 3 0.00
8 6 [2] 3 0.00
8 4 [1, 2] 2 0.00
9 6 [2] 3 0.14
9 2 [3] 1 0.01
9 2 [3] 1 0.01
9 6 [2] 3 0.01
9 6 [2] 3 0.01
9 6 [2] 2 0.01
10 9 [0] 3 0.01
10 1 [1] 0 0.01
10 2 [3] 1 0.01
10 9 [0] 3 0.01
10 9 [0] 3 0.01
10 2 [3] 1 0.01
10 9 [0] 3 0.01
10 7 [0, 3] 3 0.01
11 6 [2] 3 0.01
11 6 [2] 3 0.01
11 2 [3] 1 0.01
11 6 [2] 3 0.01
11 6 [2] 3 0.01
11 2 [3] 1 0.01
11 2 [3] 1 0.01
11 2 [3] 1 0.01
11 0 [0, 1, 3] 1 0.01
12 9 [0] 3 0.01
12 2 [3] 1 0.01
12 2 [3] 1 0.00
12 1 [1] 1 0.00
13 3 [2, 3] 1 0.01
13 2 [3] 2 0.01
13 6 [2] 3 0.01
13 6 [2] 3 0.01
13 2 [3] 1 0.01
13 9 [0] 3 0.01
13 2 [3] 1 0.01
13 2 [3] 1 0.01
13 2 [3] 1 0.01
13 2 [3] 1 0.01
13 6 [2] 3 0.01
13 1 [1] 0 0.01
14 2 [3] 1 0.04
14 6 [2] 3 0.01
14 6 [2] 3 0.01
14 6 [2] 3 0.01
14 2 [3] 1 0.01
14 9 [0] 3 0.01
14 6 [2] 3 0.01
14 6 [2] 3 0.01
14 7 [0, 3] 1 0.01
14 3 [2, 3] 0 0.01
14 2 [3] 1 0.01
14 4 [1, 2] 2 0.01
15 2 [3] 1 0.00
15 2 [3] 1 0.01
15 2 [3] 1 0.01
15 2 [3] 1 0.01
15 9 [0] 3 0.01
15 2 [3] 1 0.01
15 6 [2] 2 0.01
16 2 [3] 1 0.03
16 2 [3] 1 0.06
16 2 [3] 1 0.05
16 2 [3] 1 0.06
16 2 [3] 1 0.02
16 2 [3] 1 0.02
16 6 [2] 3 0.02
16 6 [2] 3 0.02
16 2 [3] 1 0.02
16 6 [2] 3 0.02
16 6 [2] 3 0.02
16 6 [2] 3 0.02
16 6 [2] 3 0.02
16 6 [2] 3 0.02
16 6 [2] 3 0.02
16 2 [3] 1 0.02
16 2 [3] 1 0.02
16 2 [3] 1 0.02
16 7 [0, 3] 3 0.02
17 2 [3] 1 0.02
17 2 [3] 1 0.02
17 6 [2] 3 0.01
17 6 [2] 3 0.01
17 6 [2] 3 0.01
17 2 [3] 2 0.01
17 5 [0, 2, 3] 3 0.01
18 2 [3] 1 0.03
18 2 [3] 1 0.01
18 2 [3] 1 0.00
18 2 [3] 1 0.01
18 2 [3] 2 0.01
18 2 [3] 3 0.01
19 2 [3] 1 0.00
19 2 [3] 1 0.01
19 2 [3] 2 0.01
19 2 [3] 1 0.01
19 2 [3] 1 0.01
19 1 [1] 0 0.01
19 1 [1] 0 0.01
19 2 [3] 1 0.01
19 3 [2, 3] 3 0.01
20 2 [3] 1 0.01
20 2 [3] 1 0.01
20 6 [2] 3 0.01
20 1 [1] 0 0.01
20 2 [3] 2 0.01
20 2 [3] 1 0.01
20 2 [3] 1 0.01
20 2 [3] 1 0.01
20 2 [3] 1 0.01
20 5 [0, 2, 3] 2 0.01
21 2 [3] 1 0.02
21 2 [3] 1 0.03
21 2 [3] 1 0.02
21 9 [0] 3 0.01
21 6 [2] 3 0.02
21 2 [3] 1 0.02
21 2 [3] 2 0.02
21 2 [3] 1 0.02
21 2 [3] 1 0.02
21 2 [3] 1 0.02
21 6 [2] 3 0.02
21 6 [2] 3 0.02
21 6 [2] 3 0.01
21 2 [3] 1 0.02
21 2 [3] 1 0.02
21 6 [2] 2 0.01
22 9 [0] 3 0.50
22 2 [3] 1 0.06
22 2 [3] 1 0.01
22 2 [3] 1 0.01
22 2 [3] 1 0.01
22 2 [3] 1 0.02
22 6 [2] 3 0.02
22 2 [3] 1 0.02
22 2 [3] 2 0.02
22 2 [3] 1 0.02
22 6 [2] 3 0.02
22 2 [3] 1 0.02
22 6 [2] 3 0.02
22 9 [0] 0 0.01
23 2 [3] 1 0.01
23 6 [2] 3 0.02
23 9 [0] 3 0.01
23 2 [3] 1 0.01
23 2 [3] 1 0.01
23 6 [2] 3 0.01
23 6 [2] 3 0.01
23 6 [2] 3 0.01
23 2 [3] 1 0.01
23 2 [3] 1 0.01
23 6 [2] 3 0.01
23 2 [3] 2 0.01
23 2 [3] 1 0.01
23 2 [3] 1 0.02
23 2 [3] 1 0.02
23 2 [3] 1 0.02
23 3 [2, 3] 2 0.02
24 2 [3] 1 0.05
24 6 [2] 3 0.02
24 2 [3] 1 0.02
24 6 [2] 3 0.03
24 2 [3] 1 0.02
24 2 [3] 1 0.02
24 2 [3] 1 0.02
24 2 [3] 1 0.03
24 2 [3] 1 0.03
24 1 [1] 0 0.02
24 2 [3] 1 0.03
24 1 [1] 0 0.03
24 1 [1] 0 0.03
24 2 [3] 1 0.02
24 9 [0] 3 0.02
24 6 [2] 3 0.02
24 1 [1] 0 0.02
24 9 [0] 3 0.03
24 2 [3] 1 0.03
24 2 [3] 1 0.03
24 2 [3] 1 0.02
24 2 [3] 2 0.02
24 2 [3] 1 0.02
24 1 [1] 1 0.02
25 6 [2] 3 0.02
25 9 [0] 3 0.01
25 2 [3] 2 0.01
25 2 [3] 1 0.01
25 2 [3] 1 0.02
25 2 [3] 1 0.01
25 2 [3] 1 0.01
25 2 [3] 2 0.01
25 2 [3] 1 0.01
25 7 [0, 3] 3 0.01
26 6 [2] 3 0.02
26 1 [1] 0 0.01
26 9 [0] 3 0.01
26 6 [2] 3 0.01
26 2 [3] 1 0.01
26 2 [3] 2 0.01
26 2 [3] 1 0.01
26 2 [3] 1 0.01
26 2 [3] 1 0.01
26 3 [2, 3] 3 0.01
27 2 [3] 1 0.03
27 6 [2] 3 0.01
27 2 [3] 1 0.01
27 2 [3] 1 0.01
27 2 [3] 1 0.01
27 2 [3] 2 0.01
27 9 [0] 3 0.01
27 2 [3] 1 0.01
27 2 [3] 1 0.01
27 9 [0] 3 0.02
27 0 [0, 1, 3] 3 0.01
28 2 [3] 1 0.00
28 3 [2, 3] 0 0.00
28 6 [2] 3 0.01
28 2 [3] 1 0.01
28 2 [3] 1 0.01
28 6 [2] 3 0.01
28 6 [2] 3 0.01
28 8 [0, 1] 0 0.01
29 2 [3] 1 0.01
29 6 [2] 3 0.01
29 2 [3] 2 0.01
29 2 [3] 1 0.01
29 2 [3] 1 0.01
29 2 [3] 1 0.01
29 2 [3] 1 0.01
29 2 [3] 1 0.01
29 6 [2] 3 0.02
29 6 [2] 3 0.01
29 1 [1] 0 0.01
29 9 [0] 3 0.02
29 9 [0] 3 0.01
29 1 [1] 0 0.01
29 4 [1, 2] 2 0.01
30 2 [3] 1 0.01
30 6 [2] 3 0.01
30 9 [0] 3 0.01
30 1 [1] 0 0.01
30 9 [0] 3 0.01
30 2 [3] 1 0.01
30 2 [3] 1 0.01
30 6 [2] 3 0.01
30 3 [2, 3] 0 0.02
30 9 [0] 3 0.02
30 2 [3] 1 0.01
30 6 [2] 3 0.01
30 2 [3] 1 0.01
30 8 [0, 1] 0 0.01
31 2 [3] 2 0.00
31 6 [2] 3 0.01
31 2 [3] 1 0.01
31 6 [2] 3 0.01
31 1 [1] 0 0.01
31 6 [2] 3 0.01
31 1 [1] 0 0.01
31 2 [3] 1 0.01
31 2 [3] 1 0.01
31 2 [3] 1 0.01
31 6 [2] 2 0.01
32 2 [3] 1 0.01
32 2 [3] 1 0.02
32 2 [3] 1 0.03
32 2 [3] 1 0.04
32 2 [3] 1 0.04
32 2 [3] 1 0.03
32 2 [3] 1 0.03
32 6 [2] 3 0.03
32 2 [3] 1 0.03
32 2 [3] 1 0.02
32 9 [0] 3 0.03
32 2 [3] 1 0.02
32 3 [2, 3] 0 0.03
32 2 [3] 1 0.03
32 2 [3] 1 0.03
32 6 [2] 3 0.02
32 2 [3] 2 0.02
32 6 [2] 3 0.02
32 1 [1] 0 0.02
32 3 [2, 3] 2 0.02
33 6 [2] 3 1.00
33 2 [3] 1 0.10
33 2 [3] 1 0.05
33 1 [1] 0 0.03
33 2 [3] 1 0.02
33 6 [2] 3 0.02
33 1 [1] 0 0.02
33 9 [0] 3 0.02
33 2 [3] 1 0.01
33 6 [2] 3 0.01
33 2 [3] 1 0.01
33 2 [3] 1 0.01
33 2 [3] 1 0.02
33 2 [3] 1 0.02
33 2 [3] 1 0.02
33 2 [3] 1 0.02
33 3 [2, 3] 0 0.02
33 2 [3] 1 0.02
33 0 [0, 1, 3] 1 0.02
34 6 [2] 3 0.00
34 6 [2] 3 0.01
34 6 [2] 3 0.01
34 6 [2] 3 0.01
34 6 [2] 3 0.01
34 1 [1] 0 0.02
34 2 [3] 1 0.02
34 6 [2] 3 0.02
34 3 [2, 3] 0 0.02
34 6 [2] 3 0.02
34 2 [3] 1 0.02
34 2 [3] 1 0.02
34 2 [3] 1 0.02
34 6 [2] 3 0.02
34 6 [2] 3 0.02
34 6 [2] 3 0.02
34 6 [2] 3 0.02
34 2 [3] 3 0.02
35 2 [3] 1 0.05
35 6 [2] 3 0.02
35 6 [2] 3 0.02
35 2 [3] 1 0.02
35 2 [3] 1 0.02
35 2 [3] 1 0.03
35 6 [2] 3 0.03
35 9 [0] 3 0.03
35 2 [3] 1 0.03
35 3 [2, 3] 0 0.03
35 6 [2] 3 0.03
35 6 [2] 3 0.03
35 6 [2] 3 0.03
35 2 [3] 1 0.03
35 2 [3] 1 0.02
35 2 [3] 1 0.02
35 2 [3] 1 0.02
35 2 [3] 1 0.02
35 2 [3] 1 0.02
35 2 [3] 1 0.02
35 2 [3] 2 0.02
35 2 [3] 1 0.02
35 2 [3] 1 0.02
35 2 [3] 1 0.03
35 1 [1] 0 0.03
35 6 [2] 2 0.03
36 2 [3] 1 0.04
36 2 [3] 2 0.03
36 1 [1] 0 0.04
36 2 [3] 1 0.03
36 2 [3] 1 0.03
36 2 [3] 1 0.03
36 3 [2, 3] 0 0.02
36 3 [2, 3] 0 0.03
36 6 [2] 3 0.02
36 2 [3] 1 0.02
36 2 [3] 1 0.02
36 2 [3] 1 0.02
36 2 [3] 1 0.02
36 2 [3] 1 0.02
36 2 [3] 1 0.02
36 2 [3] 1 0.02
36 6 [2] 3 0.02
36 6 [2] 3 0.02
36 5 [0, 2, 3] 2 0.02
37 1 [1] 0 0.03
37 6 [2] 3 0.02
37 1 [1] 0 0.02
37 6 [2] 3 0.02
37 9 [0] 3 0.02
37 2 [3] 1 0.02
37 9 [0] 3 0.02
37 6 [2] 3 0.03
37 6 [2] 3 0.03
37 6 [2] 3 0.03
37 6 [2] 3 0.03
37 3 [2, 3] 0 0.03
37 6 [2] 3 0.03
37 6 [2] 3 0.03
37 6 [2] 3 0.03
37 1 [1] 0 0.03
37 6 [2] 3 0.02
37 9 [0] 3 0.03
37 1 [1] 0 0.03
37 1 [1] 0 0.03
37 6 [2] 3 0.03
37 2 [3] 1 0.03
37 2 [3] 2 0.03
37 9 [0] 3 0.03
37 7 [0, 3] 3 0.02
38 9 [0] 3 0.01
38 1 [1] 0 0.01
38 1 [1] 0 0.02
38 2 [3] 1 0.01
38 6 [2] 3 0.02
38 2 [3] 1 0.02
38 9 [0] 3 0.02
38 2 [3] 1 0.02
38 1 [1] 0 0.02
38 9 [0] 3 0.02
38 2 [3] 1 0.02
38 6 [2] 3 0.02
38 1 [1] 0 0.01
38 4 [1, 2] 2 0.01
39 6 [2] 3 0.05
39 2 [3] 1 0.04
39 2 [3] 1 0.03
39 2 [3] 1 0.03
39 9 [0] 3 0.03
39 2 [3] 1 0.02
39 2 [3] 1 0.02
39 2 [3] 1 0.02
39 2 [3] 1 0.02
39 2 [3] 1 0.02
39 6 [2] 3 0.02
39 2 [3] 2 0.02
39 2 [3] 1 0.02
39 2 [3] 1 0.02
39 9 [0] 3 0.02
39 9 [0] 3 0.02
39 9 [0] 3 0.02
39 6 [2] 3 0.02
39 9 [0] 3 0.03
39 6 [2] 3 0.02
39 7 [0, 3] 0 0.02
40 6 [2] 3 0.03
40 6 [2] 3 0.04
40 6 [2] 3 0.06
40 6 [2] 3 0.07
40 6 [2] 3 0.09
40 9 [0] 3 0.05
40 6 [2] 3 0.03
40 2 [3] 1 0.02
40 2 [3] 1 0.02
40 1 [1] 0 0.02
40 2 [3] 1 0.02
40 1 [1] 0 0.02
40 1 [1] 0 0.03
40 1 [1] 0 0.03
40 9 [0] 3 0.03
40 6 [2] 3 0.03
40 3 [2, 3] 0 0.03
40 2 [3] 1 0.03
40 9 [0] 3 0.03
40 3 [2, 3] 0 0.03
40 6 [2] 3 0.03
40 2 [3] 1 0.03
40 3 [2, 3] 2 0.02
41 2 [3] 1 0.05
41 6 [2] 3 0.01
41 1 [1] 0 0.01
41 6 [2] 3 0.01
41 6 [2] 3 0.01
41 6 [2] 3 0.02
41 2 [3] 1 0.02
41 6 [2] 3 0.02
41 6 [2] 3 0.02
41 2 [3] 1 0.02
41 6 [2] 3 0.02
41 9 [0] 3 0.02
41 9 [0] 3 0.02
41 2 [3] 1 0.02
41 2 [3] 2 0.02
41 2 [3] 1 0.02
41 6 [2] 3 0.02
41 2 [3] 1 0.02
41 1 [1] 0 0.02
41 2 [3] 1 0.02
41 6 [2] 3 0.02
41 2 [3] 3 0.02
42 6 [2] 3 0.01
42 3 [2, 3] 0 0.01
42 6 [2] 3 0.02
42 1 [1] 0 0.02
42 2 [3] 1 0.02
42 1 [1] 0 0.02
42 2 [3] 1 0.03
42 2 [3] 1 0.03
42 1 [1] 0 0.03
42 9 [0] 3 0.03
42 2 [3] 1 0.03
42 2 [3] 1 0.03
42 6 [2] 3 0.03
42 6 [2] 3 0.03
42 2 [3] 1 0.03
42 9 [0] 3 0.03
42 9 [0] 3 0.03
42 2 [3] 1 0.03
42 6 [2] 3 0.03
42 2 [3] 1 0.03
42 2 [3] 1 0.03
42 6 [2] 3 0.03
42 6 [2] 3 0.03
42 6 [2] 3 0.03
42 5 [0, 2, 3] 3 0.02
43 2 [3] 1 0.01
43 2 [3] 1 0.02
43 2 [3] 1 0.02
43 2 [3] 1 0.03
43 9 [0] 3 0.02
43 6 [2] 3 0.02
43 6 [2] 3 0.02
43 2 [3] 1 0.03
43 6 [2] 3 0.02
43 2 [3] 1 0.02
43 2 [3] 2 0.02
43 2 [3] 1 0.02
43 2 [3] 1 0.02
43 6 [2] 3 0.02
43 6 [2] 3 0.02
43 6 [2] 3 0.02
43 1 [1] 0 0.02
43 6 [2] 3 0.02
43 9 [0] 3 0.02
43 1 [1] 0 0.02
43 2 [3] 1 0.02
43 6 [2] 2 0.02
44 2 [3] 2 0.01
44 2 [3] 2 0.00
44 9 [0] 3 0.01
44 2 [3] 1 0.01
44 2 [3] 1 0.01
44 2 [3] 1 0.01
44 1 [1] 0 0.01
44 9 [0] 3 0.01
44 2 [3] 1 0.01
44 9 [0] 3 0.01
44 2 [3] 1 0.01
44 6 [2] 3 0.01
44 2 [3] 3 0.01
45 6 [2] 1 0.02
45 3 [2, 3] 0 0.02
45 2 [3] 2 0.03
45 9 [0] 3 0.01
45 6 [2] 3 0.01
45 9 [0] 3 0.01
45 6 [2] 3 0.01
45 1 [1] 0 0.01
45 6 [2] 3 0.01
45 6 [2] 3 0.01
45 0 [0, 1, 3] 1 0.01
46 2 [3] 1 0.04
46 2 [3] 1 0.08
46 2 [3] 1 0.03
46 2 [3] 1 0.04
46 1 [1] 0 0.03
46 1 [1] 0 0.03
46 9 [0] 3 0.04
46 2 [3] 1 0.02
46 2 [3] 1 0.03
46 2 [3] 1 0.02
46 2 [3] 1 0.03
46 2 [3] 2 0.03
46 1 [1] 0 0.03
46 1 [1] 0 0.03
46 6 [2] 3 0.03
46 6 [2] 3 0.03
46 9 [0] 3 0.03
46 2 [3] 1 0.03
46 2 [3] 1 0.03
46 2 [3] 1 0.03
46 9 [0] 3 0.03
46 9 [0] 3 0.03
46 2 [3] 1 0.03
46 2 [3] 1 0.03
46 2 [3] 1 0.03
46 3 [2, 3] 3 0.03
47 3 [2, 3] 1 0.20
47 9 [0] 3 0.01
47 6 [2] 3 0.01
47 9 [0] 3 0.01
47 1 [1] 0 0.01
47 9 [0] 3 0.02
47 2 [3] 1 0.01
47 3 [2, 3] 0 0.01
47 6 [2] 3 0.02
47 6 [2] 3 0.02
47 2 [3] 1 0.02
47 9 [0] 3 0.02
47 6 [2] 3 0.01
47 9 [0] 0 0.01
48 1 [1] 0 0.02
48 1 [1] 0 0.02
48 2 [3] 1 0.02
48 2 [3] 1 0.02
48 2 [3] 1 0.02
48 2 [3] 1 0.02
48 2 [3] 1 0.03
48 3 [2, 3] 0 0.02
48 2 [3] 1 0.02
48 2 [3] 1 0.02
48 2 [3] 1 0.01
48 2 [3] 1 0.01
48 2 [3] 1 0.02
48 6 [2] 3 0.02
48 2 [3] 1 0.02
48 2 [3] 3 0.01
49 2 [3] 1 0.01
49 1 [1] 0 0.01
49 2 [3] 1 0.01
49 1 [1] 0 0.01
49 2 [3] 2 0.01
49 2 [3] 1 0.01
49 1 [1] 0 0.02
49 2 [3] 1 0.02
49 2 [3] 1 0.02
49 2 [3] 1 0.02
49 2 [3] 1 0.02
49 2 [3] 1 0.02
49 3 [2, 3] 0 0.03
49 9 [0] 3 0.02
49 3 [2, 3] 0 0.02
49 2 [3] 1 0.02
49 2 [3] 1 0.02
49 2 [3] 1 0.02
49 3 [2, 3] 0 0.02
49 6 [2] 2 0.02
50 2 [3] 1 0.08
50 1 [1] 0 0.02
50 6 [2] 3 0.03
50 2 [3] 2 0.03
50 6 [2] 3 0.02
50 6 [2] 3 0.02
50 9 [0] 3 0.02
50 3 [2, 3] 0 0.02
50 2 [3] 1 0.02
50 2 [3] 1 0.02
50 2 [3] 1 0.01
50 2 [3] 1 0.02
50 2 [3] 1 0.02
50 1 [1] 0 0.02
50 2 [3] 1 0.02
50 2 [3] 1 0.02
50 3 [2, 3] 3 0.02
51 6 [2] 3 0.03
51 3 [2, 3] 0 0.02
51 2 [3] 1 0.02
51 2 [3] 1 0.02
51 2 [3] 1 0.02
51 2 [3] 1 0.02
51 9 [0] 3 0.02
51 2 [3] 1 0.02
51 2 [3] 1 0.01
51 9 [0] 3 0.01
51 6 [2] 3 0.01
51 1 [1] 0 0.02
51 2 [3] 1 0.02
51 2 [3] 1 0.02
51 2 [3] 1 0.02
51 9 [0] 3 0.02
51 4 [1, 2] 2 0.02
52 6 [2] 3 0.02
52 3 [2, 3] 0 0.03
52 6 [2] 3 0.01
52 1 [1] 0 0.01
52 6 [2] 3 0.01
52 2 [3] 1 0.01
52 2 [3] 1 0.02
52 2 [3] 1 0.02
52 2 [3] 1 0.01
52 2 [3] 1 0.02
52 2 [3] 1 0.02
52 2 [3] 1 0.02
52 2 [3] 1 0.02
52 2 [3] 2 0.02
52 7 [0, 3] 1 0.02
52 7 [0, 3] 1 0.02
52 2 [3] 1 0.02
52 1 [1] 0 0.02
52 1 [1] 0 0.02
52 6 [2] 3 0.02
52 6 [2] 2 0.02
53 1 [1] 0 0.01
53 2 [3] 1 0.01
53 6 [2] 3 0.01
53 2 [3] 2 0.01
53 2 [3] 1 0.01
53 1 [1] 0 0.01
53 6 [2] 3 0.01
53 9 [0] 3 0.01
53 9 [0] 3 0.01
53 9 [0] 3 0.02
53 9 [0] 3 0.02
53 7 [0, 3] 0 0.01
54 2 [3] 1 0.14
54 2 [3] 1 0.03
54 9 [0] 3 0.01
54 9 [0] 3 0.02
54 7 [0, 3] 1 0.01
54 2 [3] 1 0.01
54 2 [3] 1 0.01
54 2 [3] 1 0.02
54 2 [3] 1 0.02
54 2 [3] 1 0.02
54 2 [3] 1 0.02
54 2 [3] 1 0.02
54 1 [1] 3 0.02
54 2 [3] 1 0.02
54 9 [0] 3 0.02
54 9 [0] 3 0.03
54 2 [3] 1 0.02
54 9 [0] 3 0.02
54 6 [2] 3 0.03
54 2 [3] 1 0.02
54 2 [3] 1 0.02
54 2 [3] 1 0.02
54 6 [2] 3 0.02
54 8 [0, 1] 0 0.02
55 6 [2] 3 0.01
55 2 [3] 1 0.03
55 2 [3] 1 0.03
55 1 [1] 0 0.04
55 1 [1] 0 0.02
55 2 [3] 1 0.02
55 1 [1] 0 0.01
55 1 [1] 0 0.01
55 2 [3] 1 0.01
55 9 [0] 3 0.01
55 2 [3] 1 0.01
55 2 [3] 1 0.01
55 1 [1] 0 0.01
55 2 [3] 1 0.01
56 6 [2] 3 0.02
56 9 [0] 3 0.02
56 2 [3] 1 0.01
56 1 [1] 0 0.01
56 2 [3] 1 0.01
56 2 [3] 1 0.02
56 1 [1] 0 0.02
56 9 [0] 3 0.02
56 3 [2, 3] 0 0.02
56 2 [3] 2 0.02
56 2 [3] 2 0.02
56 3 [2, 3] 0 0.02
56 6 [2] 3 0.02
56 2 [3] 1 0.02
56 2 [3] 1 0.02
56 9 [0] 3 0.02
56 6 [2] 2 0.02
57 2 [3] 1 0.01
57 3 [2, 3] 0 0.01
57 3 [2, 3] 0 0.02
57 2 [3] 1 0.01
57 2 [3] 1 0.01
57 6 [2] 3 0.02
57 2 [3] 1 0.02
57 1 [1] 0 0.02
57 2 [3] 1 0.02
57 1 [1] 0 0.02
57 9 [0] 3 0.02
57 6 [2] 3 0.02
57 7 [0, 3] 1 0.02
57 2 [3] 1 0.02
57 2 [3] 1 0.02
57 6 [2] 3 0.03
57 6 [2] 3 0.03
57 9 [0] 3 0.03
57 2 [3] 1 0.03
57 2 [3] 1 0.03
57 2 [3] 1 0.03
57 2 [3] 1 0.03
57 2 [3] 2 0.03
57 6 [2] 3 0.03
57 2 [3] 1 0.03
57 6 [2] 2 0.03
58 2 [3] 1 0.12
58 2 [3] 1 0.12
58 2 [3] 1 0.09
58 2 [3] 1 0.07
58 1 [1] 0 0.06
58 3 [2, 3] 0 0.05
58 1 [1] 0 0.03
58 1 [1] 0 0.03
58 2 [3] 2 0.03
58 7 [0, 3] 1 0.03
58 7 [0, 3] 1 0.04
58 2 [3] 1 0.04
58 2 [3] 1 0.04
58 6 [2] 3 0.03
58 2 [3] 1 0.03
58 2 [3] 2 0.03
58 2 [3] 2 0.02
58 2 [3] 2 0.02
58 3 [2, 3] 0 0.02
58 9 [0] 3 0.02
58 2 [3] 1 0.02
58 2 [3] 1 0.02
58 2 [3] 3 0.02
59 2 [3] 1 0.02
59 9 [0] 3 0.01
59 9 [0] 3 0.01
59 2 [3] 2 0.01
59 9 [0] 3 0.01
59 2 [3] 1 0.01
59 2 [3] 1 0.01
59 2 [3] 1 0.02
59 2 [3] 1 0.02
59 2 [3] 1 0.02
59 2 [3] 1 0.02
59 2 [3] 1 0.02
59 2 [3] 1 0.02
59 2 [3] 1 0.02
59 2 [3] 1 0.02
59 2 [3] 1 0.02
59 2 [3] 1 0.02
59 9 [0] 3 0.02
59 2 [3] 1 0.02
59 9 [0] 3 0.02
59 9 [0] 3 0.02
59 2 [3] 1 0.02
59 2 [3] 2 0.03
59 7 [0, 3] 0 0.02
60 2 [3] 1 0.01
60 2 [3] 1 0.02
60 1 [1] 0 0.02
60 2 [3] 1 0.01
60 2 [3] 1 0.01
60 2 [3] 1 0.01
60 1 [1] 0 0.02
60 1 [1] 0 0.02
60 1 [1] 0 0.02
60 2 [3] 1 0.02
60 2 [3] 1 0.02
60 2 [3] 1 0.02
60 2 [3] 1 0.02
60 1 [1] 0 0.02
60 2 [3] 1 0.02
60 2 [3] 1 0.02
60 1 [1] 0 0.02
60 2 [3] 2 0.02
60 9 [0] 3 0.02
60 1 [1] 1 0.02
61 2 [3] 1 0.02
61 2 [3] 1 0.04
61 2 [3] 1 0.05
61 1 [1] 0 0.03
61 2 [3] 1 0.03
61 2 [3] 1 0.02
61 9 [0] 3 0.03
61 2 [3] 1 0.03
61 2 [3] 1 0.03
61 9 [0] 3 0.03
61 1 [1] 0 0.03
61 2 [3] 2 0.03
61 9 [0] 3 0.03
61 9 [0] 3 0.02
61 6 [2] 3 0.03
61 2 [3] 2 0.03
61 9 [0] 3 0.02
61 2 [3] 1 0.03
61 9 [0] 3 0.03
61 9 [0] 3 0.03
61 2 [3] 1 0.03
61 2 [3] 1 0.03
61 2 [3] 2 0.03
61 2 [3] 1 0.03
61 6 [2] 3 0.03
61 2 [3] 1 0.03
61 8 [0, 1] 1 0.03
62 9 [0] 3 0.01
62 2 [3] 1 0.01
62 9 [0] 3 0.01
62 7 [0, 3] 1 0.01
62 2 [3] 1 0.01
62 2 [3] 1 0.02
62 2 [3] 1 0.02
62 2 [3] 1 0.02
62 3 [2, 3] 0 0.02
62 6 [2] 3 0.02
62 2 [3] 1 0.02
62 2 [3] 1 0.02
62 7 [0, 3] 1 0.02
62 2 [3] 1 0.02
62 3 [2, 3] 0 0.02
62 2 [3] 1 0.02
62 2 [3] 1 0.03
62 1 [1] 0 0.03
62 9 [0] 3 0.03
62 9 [0] 3 0.02
62 2 [3] 1 0.02
62 3 [2, 3] 2 0.02
63 2 [3] 1 0.02
63 2 [3] 1 0.01
63 2 [3] 1 0.02
63 2 [3] 1 0.02
63 2 [3] 1 0.03
63 6 [2] 3 0.02
63 2 [3] 1 0.02
63 2 [3] 2 0.02
63 1 [1] 0 0.02
63 2 [3] 1 0.02
63 9 [0] 3 0.02
63 2 [3] 1 0.02
63 2 [3] 1 0.02
63 2 [3] 1 0.02
63 2 [3] 1 0.02
63 2 [3] 2 0.02
63 8 [0, 1] 1 0.02
64 2 [3] 1 0.33
64 2 [3] 1 0.02
64 9 [0] 3 0.03
64 2 [3] 1 0.03
64 2 [3] 1 0.02
64 2 [3] 1 0.02
64 2 [3] 1 0.02
64 2 [3] 1 0.02
64 1 [1] 0 0.02
64 2 [3] 1 0.02
64 2 [3] 1 0.03
64 2 [3] 1 0.03
64 2 [3] 1 0.03
64 2 [3] 1 0.03
64 9 [0] 3 0.03
64 1 [1] 0 0.03
64 2 [3] 1 0.03
64 2 [3] 1 0.03
64 2 [3] 1 0.03
64 2 [3] 1 0.03
64 6 [2] 3 0.03
64 9 [0] 3 0.03
64 1 [1] 0 0.03
64 1 [1] 0 0.03
64 2 [3] 2 0.04
64 2 [3] 1 0.04
64 2 [3] 1 0.04
64 2 [3] 1 0.03
64 2 [3] 1 0.03
64 2 [3] 1 0.03
64 1 [1] 0 0.03
64 4 [1, 2] 2 0.03
65 2 [3] 1 0.04
65 6 [2] 1 0.01
65 2 [3] 1 0.02
65 2 [3] 1 0.03
65 1 [1] 0 0.02
65 2 [3] 1 0.02
65 2 [3] 1 0.02
65 2 [3] 1 0.02
65 2 [3] 1 0.02
65 2 [3] 1 0.02
65 2 [3] 2 0.02
65 9 [0] 3 0.02
65 6 [2] 3 0.02
65 2 [3] 1 0.02
65 2 [3] 1 0.02
65 2 [3] 1 0.02
65 2 [3] 1 0.02
65 2 [3] 1 0.02
65 6 [2] 2 0.02
66 6 [2] 3 0.09
66 6 [2] 3 0.05
66 3 [2, 3] 0 0.01
66 2 [3] 1 0.01
66 2 [3] 1 0.01
66 2 [3] 2 0.01
66 9 [0] 3 0.01
66 2 [3] 1 0.01
66 2 [3] 1 0.01
66 2 [3] 1 0.01
66 7 [0, 3] 1 0.01
66 7 [0, 3] 3 0.01
67 2 [3] 1 0.03
67 1 [1] 0 0.03
67 1 [1] 0 0.03
67 7 [0, 3] 1 0.04
67 3 [2, 3] 0 0.03
67 6 [2] 3 0.02
67 2 [3] 2 0.02
67 2 [3] 2 0.02
67 2 [3] 1 0.02
67 2 [3] 1 0.02
67 2 [3] 1 0.02
67 7 [0, 3] 1 0.02
67 2 [3] 2 0.02
67 2 [3] 1 0.02
67 2 [3] 1 0.02
67 2 [3] 1 0.02
67 2 [3] 1 0.02
67 2 [3] 3 0.02
68 6 [2] 3 0.02
68 9 [0] 3 0.02
68 2 [3] 1 0.02
68 9 [0] 3 0.02
68 2 [3] 1 0.02
68 2 [3] 1 0.02
68 1 [1] 0 0.02
68 2 [3] 2 0.02
68 1 [1] 0 0.02
68 2 [3] 2 0.02
68 9 [0] 3 0.02
68 2 [3] 1 0.02
68 6 [2] 3 0.02
68 2 [3] 1 0.02
68 2 [3] 1 0.02
68 9 [0] 3 0.02
68 9 [0] 3 0.02
68 1 [1] 0 0.02
68 2 [3] 3 0.02
69 2 [3] 1 0.01
69 2 [3] 1 0.02
69 2 [3] 2 0.02
69 2 [3] 1 0.02
69 3 [2, 3] 0 0.03
69 3 [2, 3] 0 0.04
69 2 [3] 1 0.04
69 1 [1] 3 0.04
69 6 [2] 3 0.02
69 6 [2] 3 0.02
69 9 [0] 3 0.02
69 2 [3] 1 0.02
69 2 [3] 1 0.02
69 2 [3] 1 0.02
69 6 [2] 3 0.02
69 6 [2] 3 0.02
69 2 [3] 3 0.02
70 2 [3] 2 0.03
70 2 [3] 1 0.02
70 7 [0, 3] 1 0.02
70 2 [3] 1 0.02
70 2 [3] 2 0.02
70 9 [0] 3 0.02
70 2 [3] 1 0.02
70 2 [3] 1 0.02
70 2 [3] 1 0.02
70 2 [3] 2 0.02
70 2 [3] 1 0.02
70 2 [3] 2 0.02
70 2 [3] 1 0.03
70 2 [3] 1 0.03
70 2 [3] 1 0.02
70 2 [3] 1 0.02
70 3 [2, 3] 0 0.02
70 6 [2] 3 0.02
70 2 [3] 1 0.02
70 6 [2] 3 0.02
70 3 [2, 3] 2 0.02
71 2 [3] 1 0.01
71 1 [1] 0 0.01
71 9 [0] 3 0.02
71 1 [1] 0 0.01
71 2 [3] 1 0.02
71 9 [0] 3 0.02
71 2 [3] 1 0.02
71 3 [2, 3] 0 0.02
71 2 [3] 1 0.02
71 2 [3] 1 0.02
71 2 [3] 1 0.02
71 2 [3] 1 0.02
71 2 [3] 1 0.02
71 2 [3] 1 0.03
71 2 [3] 1 0.02
71 2 [3] 1 0.02
71 9 [0] 3 0.02
71 1 [1] 0 0.02
71 2 [3] 1 0.02
71 2 [3] 1 0.02
71 3 [2, 3] 2 0.02
72 1 [1] 0 0.03
72 9 [0] 3 0.03
72 2 [3] 1 0.03
72 2 [3] 1 0.04
72 6 [2] 3 0.04
72 1 [1] 0 0.05
72 9 [0] 3 0.03
72 9 [0] 3 0.03
72 2 [3] 2 0.02
72 2 [3] 1 0.02
72 2 [3] 2 0.02
72 1 [1] 0 0.02
72 9 [0] 3 0.02
72 2 [3] 1 0.02
72 9 [0] 3 0.02
72 9 [0] 3 0.02
72 2 [3] 2 0.02
72 2 [3] 1 0.02
72 2 [3] 1 0.02
72 2 [3] 1 0.02
72 6 [2] 3 0.02
72 9 [0] 3 0.02
72 1 [1] 0 0.02
72 2 [3] 1 0.03
72 2 [3] 1 0.03
72 2 [3] 1 0.03
72 6 [2] 3 0.03
72 4 [1, 2] 1 0.03
73 2 [3] 2 0.08
73 9 [0] 3 0.12
73 6 [2] 3 0.07
73 7 [0, 3] 1 0.01
73 2 [3] 1 0.01
73 2 [3] 1 0.02
73 2 [3] 1 0.02
73 6 [2] 3 0.01
73 2 [3] 1 0.02
73 6 [2] 3 0.02
73 2 [3] 1 0.02
73 2 [3] 1 0.02
73 7 [0, 3] 1 0.02
73 7 [0, 3] 1 0.02
73 7 [0, 3] 1 0.02
73 6 [2] 3 0.02
73 9 [0] 3 0.02
73 2 [3] 1 0.02
73 2 [3] 1 0.02
73 9 [0] 3 0.02
73 3 [2, 3] 2 0.02
74 2 [3] 1 0.02
74 2 [3] 1 0.02
74 2 [3] 1 0.02
74 2 [3] 1 0.02
74 2 [3] 1 0.02
74 2 [3] 1 0.02
74 2 [3] 1 0.03
74 9 [0] 3 0.02
74 2 [3] 2 0.02
74 2 [3] 1 0.02
74 2 [3] 1 0.02
74 1 [1] 0 0.01
74 6 [2] 3 0.02
74 2 [3] 2 0.02
74 2 [3] 1 0.02
74 2 [3] 1 0.02
74 2 [3] 1 0.02
74 1 [1] 0 0.02
74 1 [1] 1 0.02
75 2 [3] 1 0.02
75 2 [3] 1 0.02
75 2 [3] 1 0.04
75 2 [3] 1 0.05
75 2 [3] 1 0.02
75 2 [3] 1 0.02
75 9 [0] 3 0.03
75 2 [3] 1 0.02
75 2 [3] 2 0.02
75 2 [3] 1 0.03
75 2 [3] 1 0.03
75 1 [1] 0 0.03
75 2 [3] 1 0.03
75 2 [3] 2 0.03
75 2 [3] 2 0.03
75 2 [3] 1 0.03
75 2 [3] 1 0.03
75 2 [3] 1 0.03
75 6 [2] 3 0.03
75 2 [3] 1 0.03
75 2 [3] 2 0.03
75 2 [3] 1 0.03
75 2 [3] 1 0.02
75 6 [2] 2 0.02
76 6 [2] 3 0.02
76 2 [3] 1 0.03
76 1 [1] 0 0.04
76 6 [2] 3 0.03
76 2 [3] 1 0.03
76 9 [0] 3 0.02
76 1 [1] 0 0.02
76 2 [3] 1 0.02
76 7 [0, 3] 1 0.02
76 7 [0, 3] 1 0.02
76 7 [0, 3] 1 0.02
76 6 [2] 3 0.02
76 2 [3] 1 0.02
76 6 [2] 3 0.02
76 3 [2, 3] 0 0.02
76 2 [3] 1 0.02
76 6 [2] 3 0.02
76 9 [0] 3 0.02
76 2 [3] 1 0.02
76 2 [3] 1 0.02
76 2 [3] 1 0.02
76 2 [3] 1 0.02
76 1 [1] 1 0.02
77 3 [2, 3] 0 0.11
77 2 [3] 1 0.02
77 6 [2] 3 0.01
77 2 [3] 1 0.01
77 2 [3] 1 0.01
77 2 [3] 1 0.01
77 2 [3] 1 0.02
77 2 [3] 1 0.02
77 6 [2] 3 0.02
77 6 [2] 3 0.02
77 2 [3] 1 0.02
77 2 [3] 2 0.01
77 2 [3] 1 0.01
77 2 [3] 1 0.02
77 2 [3] 2 0.02
77 1 [1] 0 0.02
77 6 [2] 3 0.02
77 7 [0, 3] 0 0.02
78 7 [0, 3] 1 0.01
78 6 [2] 3 0.01
78 2 [3] 1 0.02
78 2 [3] 1 0.02
78 9 [0] 3 0.02
78 6 [2] 3 0.02
78 2 [3] 1 0.02
78 9 [0] 3 0.02
78 2 [3] 1 0.02
78 3 [2, 3] 0 0.02
78 6 [2] 3 0.02
78 7 [0, 3] 1 0.02
78 2 [3] 1 0.02
78 2 [3] 1 0.02
78 9 [0] 3 0.02
78 1 [1] 0 0.02
78 2 [3] 1 0.02
78 2 [3] 1 0.02
78 2 [3] 1 0.02
78 7 [0, 3] 0 0.02
79 3 [2, 3] 0 0.01
79 2 [3] 1 0.01
79 2 [3] 2 0.01
79 2 [3] 1 0.01
79 2 [3] 1 0.01
79 2 [3] 1 0.01
79 9 [0] 3 0.01
79 2 [3] 1 0.01
79 2 [3] 1 0.01
79 2 [3] 1 0.02
79 2 [3] 1 0.02
79 1 [1] 0 0.02
79 2 [3] 1 0.02
79 2 [3] 1 0.02
79 2 [3] 1 0.02
79 2 [3] 1 0.02
79 9 [0] 3 0.02
79 2 [3] 1 0.02
79 2 [3] 1 0.02
79 2 [3] 1 0.02
79 2 [3] 1 0.02
79 1 [1] 1 0.02
80 6 [2] 3 0.10
80 2 [3] 1 0.02
80 2 [3] 1 0.03
80 2 [3] 1 0.02
80 9 [0] 3 0.03
80 9 [0] 3 0.03
80 2 [3] 1 0.03
80 1 [1] 0 0.03
80 2 [3] 2 0.03
80 6 [2] 3 0.03
80 7 [0, 3] 1 0.03
80 6 [2] 3 0.04
80 2 [3] 1 0.03
80 1 [1] 0 0.03
80 1 [1] 0 0.04
80 1 [1] 0 0.04
80 2 [3] 1 0.04
80 6 [2] 3 0.03
80 6 [2] 3 0.04
80 6 [2] 3 0.04
80 9 [0] 3 0.04
80 9 [0] 3 0.04
80 9 [0] 3 0.04
80 1 [1] 0 0.04
80 2 [3] 1 0.04
80 6 [2] 3 0.04
80 3 [2, 3] 0 0.03
80 2 [3] 2 0.04
80 2 [3] 1 0.04
80 2 [3] 1 0.04
80 2 [3] 1 0.04
80 2 [3] 1 0.03
80 1 [1] 1 0.03
81 6 [2] 3 0.02
81 6 [2] 3 0.01
81 2 [3] 2 0.01
81 2 [3] 2 0.02
81 2 [3] 1 0.02
81 6 [2] 3 0.02
81 2 [3] 1 0.02
81 2 [3] 1 0.02
81 2 [3] 1 0.02
81 1 [1] 0 0.02
81 2 [3] 1 0.02
81 2 [3] 1 0.02
81 2 [3] 1 0.02
81 9 [0] 3 0.02
81 1 [1] 0 0.02
81 1 [1] 0 0.02
81 6 [2] 3 0.02
81 2 [3] 1 0.02
81 9 [0] 3 0.02
81 9 [0] 0 0.02
82 9 [0] 3 0.01
82 2 [3] 1 0.01
82 2 [3] 1 0.02
82 9 [0] 3 0.02
82 2 [3] 1 0.02
82 9 [0] 3 0.03
82 2 [3] 2 0.03
82 1 [1] 0 0.03
82 2 [3] 1 0.03
82 6 [2] 1 0.04
82 2 [3] 1 0.04
82 2 [3] 1 0.04
82 7 [0, 3] 1 0.04
82 2 [3] 1 0.05
82 2 [3] 2 0.05
82 2 [3] 1 0.05
82 2 [3] 1 0.05
82 2 [3] 1 0.05
82 1 [1] 0 0.05
82 1 [1] 0 0.05
82 2 [3] 1 0.05
82 9 [0] 3 0.04
82 2 [3] 1 0.04
82 9 [0] 3 0.04
82 2 [3] 1 0.04
82 2 [3] 1 0.04
82 2 [3] 1 0.04
82 9 [0] 3 0.04
82 2 [3] 1 0.04
82 2 [3] 1 0.04
82 6 [2] 3 0.04
82 2 [3] 1 0.04
82 2 [3] 1 0.04
82 2 [3] 1 0.04
82 3 [2, 3] 0 0.04
82 1 [1] 0 0.04
82 9 [0] 3 0.04
82 1 [1] 0 0.04
82 2 [3] 1 0.04
82 2 [3] 1 0.04
82 2 [3] 1 0.04
82 2 [3] 2 0.04
82 2 [3] 2 0.04
82 9 [0] 0 0.04
83 2 [3] 1 0.08
83 2 [3] 1 0.12
83 2 [3] 1 0.07
83 2 [3] 1 0.10
83 7 [0, 3] 1 0.12
83 2 [3] 1 0.11
83 2 [3] 1 0.10
83 9 [0] 3 0.10
83 9 [0] 3 0.10
83 7 [0, 3] 1 0.05
83 6 [2] 3 0.04
83 2 [3] 1 0.04
83 2 [3] 1 0.04
83 2 [3] 2 0.04
83 2 [3] 1 0.05
83 7 [0, 3] 1 0.05
83 7 [0, 3] 1 0.05
83 2 [3] 1 0.05
83 2 [3] 1 0.05
83 2 [3] 1 0.05
83 2 [3] 1 0.05
83 2 [3] 2 0.05
83 1 [1] 0 0.05
83 1 [1] 0 0.05
83 2 [3] 1 0.05
83 2 [3] 1 0.04
83 2 [3] 1 0.04
83 2 [3] 2 0.04
83 2 [3] 1 0.04
83 2 [3] 1 0.04
83 2 [3] 1 0.04
83 2 [3] 1 0.03
83 2 [3] 1 0.03
83 4 [1, 2] 2 0.03
84 7 [0, 3] 1 0.14
84 2 [3] 1 0.02
84 3 [2, 3] 0 0.02
84 1 [1] 0 0.03
84 2 [3] 1 0.03
84 2 [3] 1 0.03
84 2 [3] 1 0.03
84 2 [3] 1 0.03
84 2 [3] 1 0.03
84 2 [3] 2 0.03
84 9 [0] 3 0.03
84 9 [0] 3 0.03
84 2 [3] 1 0.03
84 2 [3] 1 0.03
84 2 [3] 2 0.03
84 2 [3] 1 0.03
84 2 [3] 1 0.03
84 6 [2] 3 0.04
84 2 [3] 1 0.04
84 2 [3] 1 0.04
84 1 [1] 0 0.04
84 3 [2, 3] 0 0.04
84 2 [3] 1 0.04
84 1 [1] 0 0.03
84 3 [2, 3] 0 0.03
84 6 [2] 3 0.03
84 3 [2, 3] 0 0.03
84 2 [3] 1 0.03
84 9 [0] 3 0.03
84 9 [0] 3 0.03
84 7 [0, 3] 1 0.03
84 7 [0, 3] 1 0.03
84 4 [1, 2] 2 0.03
85 7 [0, 3] 1 0.09
85 2 [3] 1 0.08
85 2 [3] 2 0.09
85 7 [0, 3] 1 0.07
85 2 [3] 1 0.04
85 3 [2, 3] 0 0.02
85 6 [2] 1 0.02
85 2 [3] 1 0.03
85 2 [3] 1 0.02
85 2 [3] 2 0.02
85 2 [3] 1 0.02
85 7 [0, 3] 1 0.02
85 2 [3] 1 0.02
85 6 [2] 3 0.02
85 2 [3] 1 0.02
85 2 [3] 1 0.02
85 2 [3] 1 0.02
85 9 [0] 3 0.02
85 9 [0] 3 0.02
85 2 [3] 1 0.02
85 2 [3] 1 0.02
85 0 [0, 1, 3] 1 0.02
86 2 [3] 1 0.02
86 2 [3] 2 0.02
86 2 [3] 1 0.02
86 2 [3] 1 0.02
86 2 [3] 1 0.03
86 2 [3] 1 0.03
86 7 [0, 3] 1 0.04
86 2 [3] 1 0.03
86 9 [0] 3 0.04
86 1 [1] 0 0.02
86 2 [3] 1 0.02
86 2 [3] 2 0.02
86 9 [0] 3 0.02
86 2 [3] 2 0.02
86 2 [3] 1 0.02
86 2 [3] 1 0.02
86 2 [3] 1 0.02
86 3 [2, 3] 0 0.02
86 9 [0] 3 0.02
86 2 [3] 1 0.02
86 2 [3] 2 0.03
86 1 [1] 0 0.03
86 2 [3] 2 0.02
86 2 [3] 1 0.02
86 2 [3] 3 0.02
87 2 [3] 1 0.05
87 2 [3] 2 0.05
87 2 [3] 1 0.03
87 2 [3] 1 0.02
87 2 [3] 1 0.02
87 2 [3] 1 0.02
87 6 [2] 3 0.02
87 6 [2] 3 0.02
87 2 [3] 2 0.02
87 2 [3] 1 0.03
87 2 [3] 1 0.03
87 2 [3] 1 0.03
87 2 [3] 1 0.03
87 2 [3] 1 0.03
87 2 [3] 2 0.03
87 9 [0] 3 0.03
87 6 [2] 3 0.03
87 9 [0] 3 0.03
87 6 [2] 3 0.03
87 9 [0] 3 0.03
87 2 [3] 1 0.03
87 2 [3] 1 0.03
87 2 [3] 1 0.03
87 2 [3] 1 0.03
87 2 [3] 1 0.03
87 1 [1] 0 0.03
87 1 [1] 1 0.03
88 2 [3] 1 0.05
88 2 [3] 1 0.04
88 2 [3] 1 0.01
88 2 [3] 1 0.02
88 2 [3] 1 0.02
88 2 [3] 1 0.02
88 2 [3] 1 0.02
88 2 [3] 1 0.02
88 9 [0] 3 0.02
88 3 [2, 3] 0 0.02
88 9 [0] 3 0.03
88 9 [0] 3 0.03
88 2 [3] 2 0.02
88 9 [0] 3 0.03
88 2 [3] 1 0.03
88 2 [3] 1 0.03
88 2 [3] 1 0.03
88 6 [2] 3 0.03
88 2 [3] 1 0.03
88 1 [1] 0 0.03
88 2 [3] 2 0.03
88 2 [3] 1 0.03
88 6 [2] 3 0.03
88 9 [0] 3 0.03
88 2 [3] 1 0.03
88 2 [3] 1 0.03
88 2 [3] 1 0.03
88 2 [3] 1 0.03
88 2 [3] 2 0.03
88 3 [2, 3] 2 0.03
89 2 [3] 1 0.33
89 2 [3] 2 0.04
89 9 [0] 3 0.03
89 9 [0] 3 0.04
89 2 [3] 1 0.04
89 2 [3] 1 0.05
89 2 [3] 1 0.04
89 2 [3] 1 0.04
89 2 [3] 1 0.03
89 2 [3] 1 0.04
89 2 [3] 2 0.03
89 2 [3] 1 0.03
89 9 [0] 3 0.03
89 9 [0] 3 0.03
89 2 [3] 1 0.03
89 2 [3] 1 0.03
89 2 [3] 1 0.03
89 2 [3] 1 0.03
89 2 [3] 1 0.03
89 2 [3] 1 0.03
89 2 [3] 1 0.03
89 2 [3] 1 0.04
89 2 [3] 1 0.04
89 2 [3] 1 0.03
89 1 [1] 0 0.03
89 7 [0, 3] 1 0.03
89 6 [2] 3 0.03
89 1 [1] 0 0.03
89 2 [3] 1 0.03
89 2 [3] 1 0.04
89 2 [3] 1 0.04
89 2 [3] 1 0.04
89 2 [3] 1 0.04
89 8 [0, 1] 1 0.03
90 2 [3] 1 0.05
90 2 [3] 1 0.04
90 2 [3] 1 0.04
90 7 [0, 3] 1 0.03
90 1 [1] 0 0.03
90 2 [3] 2 0.04
90 2 [3] 1 0.04
90 2 [3] 1 0.03
90 2 [3] 1 0.04
90 2 [3] 1 0.04
90 2 [3] 2 0.03
90 7 [0, 3] 1 0.03
90 2 [3] 1 0.03
90 2 [3] 1 0.03
90 2 [3] 1 0.03
90 2 [3] 1 0.03
90 2 [3] 1 0.03
90 2 [3] 1 0.04
90 2 [3] 1 0.04
90 2 [3] 1 0.03
90 2 [3] 1 0.04
90 2 [3] 1 0.03
90 2 [3] 1 0.03
90 9 [0] 3 0.03
90 2 [3] 1 0.03
90 2 [3] 1 0.03
90 6 [2] 3 0.03
90 2 [3] 1 0.03
90 6 [2] 2 0.03
91 2 [3] 1 0.02
91 2 [3] 2 0.01
91 2 [3] 2 0.02
91 2 [3] 1 0.02
91 2 [3] 1 0.03
91 7 [0, 3] 1 0.03
91 2 [3] 1 0.02
91 2 [3] 1 0.02
91 7 [0, 3] 1 0.02
91 3 [2, 3] 0 0.02
91 9 [0] 3 0.02
91 2 [3] 1 0.02
91 2 [3] 1 0.02
91 2 [3] 2 0.02
91 2 [3] 1 0.02
91 2 [3] 1 0.02
91 9 [0] 3 0.02
91 9 [0] 3 0.02
91 1 [1] 0 0.02
91 2 [3] 1 0.02
91 2 [3] 1 0.02
91 2 [3] 1 0.02
91 2 [3] 1 0.02
91 2 [3] 1 0.03
91 7 [0, 3] 3 0.02
92 6 [2] 3 0.05
92 9 [0] 3 0.04
92 2 [3] 1 0.06
92 7 [0, 3] 1 0.05
92 7 [0, 3] 1 0.05
92 3 [2, 3] 0 0.05
92 6 [2] 3 0.04
92 2 [3] 1 0.04
92 2 [3] 1 0.04
92 2 [3] 1 0.04
92 2 [3] 2 0.04
92 2 [3] 2 0.04
92 2 [3] 1 0.04
92 2 [3] 1 0.04
92 2 [3] 1 0.04
92 6 [2] 1 0.04
92 2 [3] 1 0.04
92 3 [2, 3] 0 0.04
92 2 [3] 1 0.04
92 2 [3] 1 0.04
92 3 [2, 3] 0 0.03
92 2 [3] 1 0.03
92 2 [3] 1 0.03
92 2 [3] 1 0.03
92 2 [3] 1 0.03
92 1 [1] 0 0.03
92 1 [1] 0 0.03
92 2 [3] 2 0.03
92 2 [3] 1 0.03
92 6 [2] 2 0.03
93 7 [0, 3] 1 0.02
93 2 [3] 1 0.03
93 3 [2, 3] 0 0.04
93 6 [2] 3 0.03
93 2 [3] 1 0.03
93 2 [3] 1 0.04
93 6 [2] 3 0.04
93 2 [3] 1 0.03
93 6 [2] 3 0.04
93 2 [3] 1 0.04
93 2 [3] 2 0.03
93 2 [3] 1 0.03
93 2 [3] 1 0.03
93 2 [3] 1 0.03
93 9 [0] 3 0.03
93 2 [3] 1 0.03
93 9 [0] 3 0.04
93 3 [2, 3] 0 0.04
93 3 [2, 3] 0 0.04
93 1 [1] 0 0.04
93 2 [3] 1 0.04
93 2 [3] 1 0.04
93 7 [0, 3] 1 0.04
93 2 [3] 1 0.04
93 2 [3] 1 0.04
93 2 [3] 1 0.04
93 2 [3] 1 0.04
93 2 [3] 1 0.04
93 9 [0] 3 0.04
93 2 [3] 1 0.04
93 2 [3] 1 0.04
93 1 [1] 0 0.04
93 9 [0] 3 0.04
93 9 [0] 3 0.04
93 2 [3] 1 0.04
93 9 [0] 3 0.04
93 1 [1] 0 0.04
93 2 [3] 1 0.04
93 2 [3] 1 0.04
93 9 [0] 3 0.04
93 2 [3] 1 0.04
93 3 [2, 3] 3 0.04
94 9 [0] 3 0.01
94 2 [3] 1 0.02
94 2 [3] 1 0.02
94 7 [0, 3] 1 0.03
94 2 [3] 1 0.02
94 2 [3] 1 0.02
94 2 [3] 1 0.03
94 1 [1] 0 0.03
94 1 [1] 0 0.03
94 2 [3] 1 0.03
94 2 [3] 1 0.03
94 2 [3] 1 0.04
94 2 [3] 1 0.03
94 1 [1] 0 0.03
94 9 [0] 3 0.03
94 2 [3] 1 0.03
94 2 [3] 1 0.03
94 2 [3] 1 0.03
94 2 [3] 1 0.03
94 2 [3] 1 0.03
94 2 [3] 1 0.03
94 2 [3] 2 0.03
94 9 [0] 3 0.03
94 2 [3] 1 0.03
94 6 [2] 3 0.03
94 2 [3] 1 0.03
94 2 [3] 1 0.03
94 7 [0, 3] 1 0.04
94 2 [3] 1 0.04
94 9 [0] 3 0.04
94 2 [3] 1 0.03
94 2 [3] 1 0.03
94 2 [3] 1 0.03
94 1 [1] 1 0.03
95 9 [0] 3 0.02
95 2 [3] 1 0.03
95 2 [3] 1 0.02
95 1 [1] 0 0.03
95 2 [3] 1 0.03
95 7 [0, 3] 1 0.03
95 2 [3] 1 0.03
95 3 [2, 3] 0 0.04
95 2 [3] 1 0.03
95 2 [3] 1 0.03
95 2 [3] 2 0.03
95 2 [3] 2 0.03
95 7 [0, 3] 1 0.03
95 2 [3] 1 0.03
95 3 [2, 3] 0 0.03
95 2 [3] 1 0.03
95 2 [3] 1 0.03
95 2 [3] 1 0.03
95 2 [3] 1 0.04
95 2 [3] 1 0.04
95 2 [3] 1 0.04
95 2 [3] 1 0.03
95 2 [3] 1 0.03
95 1 [1] 0 0.03
95 2 [3] 1 0.03
95 2 [3] 1 0.03
95 2 [3] 1 0.03
95 2 [3] 1 0.03
95 2 [3] 1 0.03
95 1 [1] 0 0.03
95 2 [3] 1 0.03
95 9 [0] 3 0.03
95 2 [3] 1 0.03
95 2 [3] 3 0.03
96 2 [3] 1 0.02
96 2 [3] 2 0.04
96 9 [0] 3 0.03
96 9 [0] 3 0.03
96 2 [3] 1 0.03
96 9 [0] 3 0.04
96 2 [3] 1 0.05
96 1 [1] 0 0.05
96 2 [3] 2 0.05
96 1 [1] 0 0.05
96 2 [3] 1 0.05
96 9 [0] 3 0.05
96 2 [3] 2 0.05
96 2 [3] 1 0.05
96 2 [3] 1 0.05
96 2 [3] 1 0.04
96 1 [1] 0 0.04
96 2 [3] 1 0.04
96 2 [3] 1 0.04
96 2 [3] 2 0.04
96 2 [3] 1 0.04
96 2 [3] 1 0.04
96 2 [3] 1 0.04
96 2 [3] 1 0.04
96 2 [3] 1 0.04
96 2 [3] 1 0.04
96 9 [0] 3 0.04
96 2 [3] 1 0.04
96 2 [3] 1 0.04
96 7 [0, 3] 1 0.04
96 2 [3] 1 0.04
96 2 [3] 1 0.04
96 6 [2] 3 0.04
96 2 [3] 1 0.04
96 4 [1, 2] 3 0.04
96 2 [3] 1 0.04
96 1 [1] 0 0.04
96 8 [0, 1] 0 0.04
97 2 [3] 1 0.01
97 6 [2] 3 0.01
97 2 [3] 1 0.02
97 2 [3] 1 0.02
97 2 [3] 1 0.02
97 2 [3] 1 0.02
97 2 [3] 1 0.02
97 6 [2] 3 0.02
97 2 [3] 1 0.03
97 2 [3] 1 0.03
97 2 [3] 1 0.03
97 6 [2] 3 0.03
97 2 [3] 1 0.03
97 2 [3] 1 0.03
97 2 [3] 1 0.03
97 2 [3] 2 0.03
97 2 [3] 1 0.03
97 2 [3] 1 0.03
97 2 [3] 1 0.03
97 2 [3] 1 0.03
97 6 [2] 3 0.03
97 2 [3] 1 0.03
97 2 [3] 1 0.03
97 2 [3] 1 0.03
97 2 [3] 1 0.03
97 7 [0, 3] 3 0.03
98 2 [3] 1 0.12
98 2 [3] 1 0.14
98 2 [3] 1 0.03
98 2 [3] 1 0.02
98 2 [3] 1 0.02
98 6 [2] 3 0.02
98 2 [3] 1 0.03
98 2 [3] 1 0.03
98 2 [3] 1 0.03
98 2 [3] 1 0.02
98 7 [0, 3] 1 0.03
98 2 [3] 1 0.03
98 2 [3] 1 0.03
98 2 [3] 2 0.03
98 2 [3] 1 0.03
98 2 [3] 1 0.03
98 9 [0] 3 0.04
98 2 [3] 2 0.04
98 2 [3] 1 0.04
98 6 [2] 3 0.04
98 9 [0] 3 0.04
98 2 [3] 1 0.04
98 2 [3] 1 0.04
98 2 [3] 1 0.04
98 2 [3] 1 0.04
98 1 [1] 0 0.04
98 9 [0] 3 0.04
98 2 [3] 1 0.04
98 2 [3] 1 0.04
98 2 [3] 2 0.04
98 2 [3] 2 0.04
98 2 [3] 1 0.04
98 9 [0] 3 0.04
98 2 [3] 1 0.04
98 0 [0, 1, 3] 1 0.03
99 9 [0] 3 0.05
99 2 [3] 2 0.03
99 6 [2] 3 0.03
99 2 [3] 1 0.03
99 2 [3] 1 0.04
99 9 [0] 3 0.03
99 2 [3] 1 0.03
99 9 [0] 3 0.03
99 2 [3] 1 0.03
99 2 [3] 1 0.03
99 1 [1] 0 0.03
99 9 [0] 3 0.03
99 2 [3] 2 0.03
99 2 [3] 1 0.04
99 2 [3] 1 0.04
99 2 [3] 1 0.04
99 2 [3] 1 0.04
99 2 [3] 1 0.04
99 2 [3] 2 0.04
99 2 [3] 1 0.04
99 7 [0, 3] 1 0.03
99 2 [3] 1 0.04
99 2 [3] 1 0.04
99 2 [3] 1 0.04
99 7 [0, 3] 1 0.04
99 7 [0, 3] 1 0.04
99 2 [3] 1 0.04
99 2 [3] 1 0.04
99 2 [3] 1 0.04
99 2 [3] 1 0.04
99 2 [3] 2 0.04
99 2 [3] 1 0.03
99 2 [3] 1 0.03
99 2 [3] 3 0.03
100 2 [3] 1 0.04
100 2 [3] 1 0.02
100 2 [3] 1 0.02
100 2 [3] 1 0.02
100 2 [3] 2 0.03
100 2 [3] 1 0.03
100 2 [3] 1 0.03
100 2 [3] 1 0.03
100 2 [3] 2 0.03
100 2 [3] 1 0.02
100 3 [2, 3] 0 0.02
100 2 [3] 1 0.03
100 2 [3] 1 0.03
100 2 [3] 1 0.03
100 2 [3] 1 0.03
100 2 [3] 2 0.03
100 9 [0] 3 0.03
100 2 [3] 1 0.03
100 2 [3] 1 0.03
100 2 [3] 1 0.03
100 3 [2, 3] 0 0.03
100 2 [3] 1 0.03
100 2 [3] 1 0.03
100 2 [3] 1 0.03
100 1 [1] 0 0.03
100 2 [3] 1 0.03
100 2 [3] 1 0.03
100 7 [0, 3] 1 0.03
100 2 [3] 2 0.03
100 2 [3] 1 0.03
100 2 [3] 1 0.03
100 2 [3] 1 0.03
100 2 [3] 1 0.03
100 2 [3] 1 0.03
100 5 [0, 2, 3] 2 0.03