1 7 [0, 1] 3 0.03
1 3 [0, 2, 3] 3 0.00
2 0 [2] 3 0.01
2 0 [2] 3 0.02
2 0 [2] 2 0.00
3 9 [1] 0 0.00
3 9 [1] 1 0.00
4 0 [2] 3 0.00
4 0 [2] 3 0.00
4 8 [0] 3 0.00
4 0 [2] 3 0.00
4 0 [2] 3 0.00
4 0 [2] 3 0.00
4 7 [0, 1] 1 0.00
5 0 [2] 3 0.01
5 8 [0] 3 0.01
5 8 [0] 3 0.00
5 0 [2] 3 0.00
5 0 [2] 3 0.00
5 0 [2] 3 0.00
5 0 [2] 3 0.00
5 0 [2] 3 0.00
5 0 [2] 3 0.00
5 4 [1, 3] 3 0.00
6 0 [2] 3 0.01
6 4 [1, 3] 2 0.00
6 4 [1, 3] 2 0.00
6 9 [1] 0 0.00
6 9 [1] 0 0.00
6 8 [0] 3 0.00
6 0 [2] 3 0.00
6 9 [1] 0 0.00
6 4 [1, 3] 2 0.01
6 0 [2] 3 0.01
6 1 [0, 3] 0 0.01
7 0 [2] 3 0.00
7 0 [2] 3 0.00
7 0 [2] 3 0.00
7 0 [2] 3 0.00
7 4 [1, 3] 2 0.00
7 9 [1] 0 0.00
7 9 [1] 0 0.00
7 0 [2] 3 0.01
7 0 [2] 3 0.01
7 0 [2] 3 0.01
7 0 [2] 3 0.01
7 0 [2] 3 0.01
7 0 [2] 3 0.01
7 0 [2] 3 0.01
7 0 [2] 3 0.01
7 9 [1] 0 0.01
7 2 [1, 2] 1 0.01
8 0 [2] 3 0.00
8 8 [0] 3 0.01
8 0 [2] 3 0.00
8 0 [2] 3 0.00
8 0 [2] 3 0.00
8 0 [2] 3 0.00
8 6 [2, 3] 2 0.00
9 0 [2] 3 0.00
9 0 [2] 3 0.00
9 0 [2] 3 0.00
9 2 [1, 2] 2 0.00
10 9 [1] 0 0.00
10 5 [0, 1, 3] 1 0.00
11 8 [0] 0 0.00
12 0 [2] 2 0.00
13 6 [2, 3] 2 0.00
14 1 [0, 3] 3 0.00
15 3 [0, 2, 3] 2 0.00
16 8 [0] 0 0.00
17 9 [1] 1 0.00
18 7 [0, 1] 0 0.00
19 2 [1, 2] 2 0.00
20 8 [0] 0 0.00
21 3 [0, 2, 3] 3 0.00
22 3 [0, 2, 3] 3 0.00
23 2 [1, 2] 1 0.00
24 4 [1, 3] 3 0.00
25 1 [0, 3] 0 0.00
26 2 [1, 2] 2 0.00
27 4 [1, 3] 3 0.00
28 2 [1, 2] 2 0.00
29 7 [0, 1] 0 0.00
30 1 [0, 3] 3 0.00
31 0 [2] 2 0.00
32 7 [0, 1] 0 0.00
33 8 [0] 0 0.00
34 5 [0, 1, 3] 1 0.00
35 3 [0, 2, 3] 3 0.00
36 0 [2] 2 0.00
37 9 [1] 1 0.00
38 7 [0, 1] 0 0.00
39 4 [1, 3] 3 0.00
40 1 [0, 3] 3 0.00
41 2 [1, 2] 2 0.00
42 6 [2, 3] 2 0.00
43 2 [1, 2] 2 0.00
44 5 [0, 1, 3] 1 0.00
45 8 [0] 0 0.00
46 0 [2] 2 0.00
47 6 [2, 3] 2 0.00
48 1 [0, 3] 3 0.00
49 3 [0, 2, 3] 3 0.00
50 8 [0] 0 0.00
51 9 [1] 1 0.00
52 7 [0, 1] 0 0.00
53 2 [1, 2] 2 0.00
54 8 [0] 0 0.00
55 3 [0, 2, 3] 2 0.00
56 3 [0, 2, 3] 3 0.00
57 2 [1, 2] 2 0.00
58 4 [1, 3] 3 0.00
59 1 [0, 3] 0 0.00
60 2 [1, 2] 2 0.00
61 4 [1, 3] 3 0.00
62 2 [1, 2] 2 0.00
63 7 [0, 1] 0 0.00
64 1 [0, 3] 3 0.00
65 0 [2] 2 0.00
66 7 [0, 1] 0 0.00
67 8 [0] 0 0.00
68 5 [0, 1, 3] 1 0.00
69 3 [0, 2, 3] 3 0.00
70 4 [1, 3] 3 0.00
71 8 [0] 0 0.00
72 9 [1] 1 0.00
73 3 [0, 2, 3] 2 0.00
74 7 [0, 1] 0 0.00
75 3 [0, 2, 3] 2 0.00
76 2 [1, 2] 2 0.00
77 4 [1, 3] 3 0.00
78 2 [1, 2] 2 0.00
79 8 [0] 0 0.00
80 4 [1, 3] 3 0.00
81 7 [0, 1] 0 0.00
82 9 [1] 1 0.00
83 5 [0, 1, 3] 1 0.00
84 0 [2] 2 0.00
85 3 [0, 2, 3] 3 0.00
86 9 [1] 1 0.00
87 7 [0, 1] 0 0.00
88 4 [1, 3] 3 0.00
89 4 [1, 3] 3 0.00
90 8 [0] 0 0.00
91 5 [0, 1, 3] 3 0.00
92 2 [1, 2] 2 0.00
93 9 [1] 1 0.00
94 0 [2] 2 0.00
95 1 [0, 3] 3 0.00
96 2 [1, 2] 2 0.00
97 8 [0] 0 0.00
98 4 [1, 3] 3 0.00
99 7 [0, 1] 0 0.00
100 4 [1, 3] 3 0.00

