1 6 [0] 3 0.00
1 3 [1] 0 0.00
1 8 [3] 0 0.01
1 3 [1] 0 0.01
1 8 [3] 0 0.01
1 9 [1] 0 0.01
1 8 [3] 0 0.02
1 8 [3] 0 0.02
1 5 [2] 0 0.02
1 4 [1] 0 0.02
1 9 [1] 0 0.03
1 8 [3] 0 0.03
1 5 [2] 0 0.03
1 4 [1] 0 0.03
1 9 [1] 0 0.04
1 4 [1] 0 0.04
1 5 [2] 0 0.04
1 7 [3] 0 0.04
1 7 [3] 0 0.04
1 3 [1] 0 0.05
1 7 [3] 0 0.05
1 4 [1] 0 0.05
1 9 [1] 0 0.05
1 8 [3] 0 0.05
1 0 [2] 0 0.06
1 9 [1] 0 0.06
1 9 [1] 0 0.06
1 3 [1] 0 0.06
1 3 [1] 0 0.07
1 9 [1] 0 0.07
1 9 [1] 0 0.07
1 4 [1] 0 0.07
1 3 [1] 0 0.07
1 8 [3] 0 0.07
1 9 [1] 0 0.08
1 9 [1] 0 0.08
1 9 [1] 0 0.08
1 9 [1] 0 0.08
1 9 [1] 0 0.08
1 9 [1] 0 0.08
1 3 [1] 0 0.08
1 3 [1] 0 0.08
1 9 [1] 0 0.08
1 9 [1] 0 0.09
1 9 [1] 0 0.09
1 9 [1] 0 0.09
1 9 [1] 0 0.09
1 8 [3] 0 0.09
1 6 [0] 3 0.07
1 9 [1] 1 0.02
2 6 [0] 3 0.00
2 6 [0] 3 0.00
2 5 [2] 1 0.00
2 2 [0] 1 0.00
2 5 [2] 1 0.00
2 5 [2] 1 0.00
2 8 [3] 1 0.00
2 8 [3] 1 0.01
2 2 [0] 1 0.01
2 2 [0] 1 0.01
2 6 [0] 1 0.01
2 8 [3] 1 0.01
2 6 [0] 1 0.01
2 2 [0] 1 0.01
2 8 [3] 1 0.01
2 8 [3] 1 0.01
2 5 [2] 1 0.01
2 8 [3] 1 0.01
2 2 [0] 1 0.01
2 2 [0] 1 0.01
2 0 [2] 1 0.01
2 2 [0] 1 0.01
2 5 [2] 1 0.02
2 2 [0] 1 0.02
2 8 [3] 1 0.02
2 2 [0] 1 0.02
2 7 [3] 1 0.02
2 8 [3] 2 0.02
2 8 [3] 2 0.02
2 8 [3] 2 0.02
2 8 [3] 2 0.02
2 1 [0] 2 0.02
2 8 [3] 2 0.02
2 2 [0] 1 0.02
2 8 [3] 2 0.02
2 8 [3] 2 0.02
2 2 [0] 1 0.02
2 2 [0] 1 0.02
2 2 [0] 1 0.03
2 2 [0] 1 0.03
2 2 [0] 1 0.03
2 2 [0] 1 0.02
2 2 [0] 1 0.03
2 2 [0] 1 0.03
2 2 [0] 1 0.03
2 2 [0] 1 0.03
2 2 [0] 1 0.03
2 2 [0] 1 0.03
2 2 [0] 1 0.03
2 2 [0] 1 0.03
2 2 [0] 1 0.03
2 2 [0] 1 0.03
2 2 [0] 1 0.03
2 2 [0] 1 0.03
2 2 [0] 1 0.03
2 2 [0] 1 0.03
2 2 [0] 1 0.03
2 2 [0] 1 0.03
2 2 [0] 1 0.03
2 2 [0] 1 0.03
2 2 [0] 1 0.03
2 0 [2] 2 0.03
3 1 [0] 1 0.00
3 1 [0] 1 0.01
3 1 [0] 1 0.01
3 2 [0] 1 0.01
3 9 [1] 0 0.01
3 9 [1] 0 0.02
3 8 [3] 0 0.02
3 3 [1] 0 0.02
3 9 [1] 0 0.02
3 8 [3] 0 0.03
3 3 [1] 0 0.03
3 3 [1] 0 0.03
3 9 [1] 0 0.03
3 8 [3] 0 0.03
3 9 [1] 0 0.04
3 3 [1] 0 0.04
3 8 [3] 0 0.04
3 9 [1] 0 0.04
3 8 [3] 0 0.05
3 9 [1] 0 0.05
3 4 [1] 0 0.05
3 7 [3] 0 0.05
3 7 [3] 0 0.06
3 3 [1] 0 0.06
3 3 [1] 0 0.06
3 8 [3] 0 0.06
3 1 [0] 0 0.01
4 9 [1] 1 0.00
5 6 [0] 3 0.00
5 2 [0] 0 0.00
6 9 [1] 0 0.00
6 9 [1] 0 0.01
6 9 [1] 0 0.01
6 9 [1] 0 0.01
6 3 [1] 0 0.01
6 3 [1] 0 0.02
6 8 [3] 0 0.02
6 9 [1] 0 0.02
6 4 [1] 0 0.02
6 6 [0] 3 0.01
6 6 [0] 3 0.02
6 6 [0] 3 0.02
6 6 [0] 1 0.01
6 0 [2] 1 0.01
6 0 [2] 1 0.01
6 6 [0] 1 0.01
6 5 [2] 1 0.01
6 8 [3] 1 0.02
6 5 [2] 1 0.02
6 2 [0] 1 0.02
6 5 [2] 1 0.02
6 8 [3] 1 0.02
6 7 [3] 1 0.02
6 1 [0] 1 0.02
6 0 [2] 1 0.02
6 7 [3] 1 0.02
6 8 [3] 1 0.02
6 8 [3] 1 0.02
6 2 [0] 1 0.03
6 1 [0] 1 0.03
6 1 [0] 1 0.03
6 7 [3] 1 0.03
6 1 [0] 1 0.03
6 0 [2] 1 0.03
6 8 [3] 1 0.03
6 7 [3] 1 0.03
6 1 [0] 1 0.03
6 8 [3] 1 0.03
6 2 [0] 1 0.03
6 8 [3] 1 0.03
6 5 [2] 1 0.03
6 1 [0] 1 0.04
6 8 [3] 1 0.04
6 5 [2] 1 0.04
6 6 [0] 1 0.04
6 6 [0] 1 0.04
6 1 [0] 1 0.04
6 7 [3] 1 0.04
6 5 [2] 1 0.04
6 1 [0] 1 0.04
6 1 [0] 1 0.04
6 2 [0] 1 0.04
6 7 [3] 1 0.04
6 2 [0] 1 0.05
6 6 [0] 1 0.05
6 5 [2] 1 0.05
6 1 [0] 1 0.05
6 1 [0] 1 0.05
6 2 [0] 1 0.05
6 5 [2] 1 0.05
6 7 [3] 1 0.05
6 6 [0] 1 0.05
6 6 [0] 1 0.05
6 7 [3] 1 0.05
6 8 [3] 1 0.05
6 8 [3] 1 0.05
6 8 [3] 1 0.06
6 7 [3] 1 0.06
6 8 [3] 1 0.06
6 0 [2] 1 0.06
6 8 [3] 1 0.06
6 0 [2] 1 0.06
6 8 [3] 1 0.06
6 0 [2] 1 0.06
6 5 [2] 1 0.06
6 0 [2] 1 0.06
6 5 [2] 1 0.06
6 8 [3] 1 0.06
6 8 [3] 1 0.06
6 5 [2] 1 0.07
6 8 [3] 1 0.07
6 5 [2] 1 0.07
6 7 [3] 1 0.07
6 2 [0] 1 0.07
6 5 [2] 1 0.07
6 8 [3] 1 0.07
6 6 [0] 1 0.07
6 2 [0] 1 0.07
6 5 [2] 1 0.07
6 2 [0] 1 0.07
6 1 [0] 1 0.07
6 0 [2] 1 0.07
6 1 [0] 1 0.07
6 6 [0] 1 0.08
6 1 [0] 1 0.08
6 0 [2] 1 0.08
6 7 [3] 1 0.08
6 5 [2] 1 0.08
6 5 [2] 1 0.08
6 6 [0] 1 0.08
6 7 [3] 1 0.08
6 6 [0] 1 0.08
6 1 [0] 1 0.08
6 5 [2] 1 0.08
6 6 [0] 1 0.08
6 8 [3] 1 0.08
6 5 [2] 1 0.08
6 2 [0] 1 0.09
6 2 [0] 1 0.09
6 2 [0] 1 0.09
6 5 [2] 1 0.09
6 2 [0] 1 0.09
6 2 [0] 1 0.09
6 2 [0] 1 0.09
6 2 [0] 1 0.09
6 2 [0] 1 0.09
6 2 [0] 1 0.09
6 8 [3] 1 0.09
6 5 [2] 1 0.09
6 5 [2] 1 0.09
6 2 [0] 1 0.09
6 8 [3] 1 0.09
6 5 [2] 1 0.09
6 8 [3] 1 0.09
6 5 [2] 1 0.09
6 5 [2] 1 0.10
6 2 [0] 1 0.10
6 6 [0] 1 0.10
6 8 [3] 1 0.10
6 0 [2] 1 0.10
6 6 [0] 1 0.10
6 2 [0] 1 0.10
6 5 [2] 1 0.10
6 8 [3] 1 0.10
6 0 [2] 1 0.10
6 8 [3] 1 0.10
6 2 [0] 1 0.10
6 0 [2] 1 0.10
6 0 [2] 1 0.10
6 0 [2] 1 0.10
6 8 [3] 1 0.10
6 2 [0] 1 0.10
6 8 [3] 1 0.10
6 0 [2] 1 0.10
6 8 [3] 1 0.11
6 0 [2] 1 0.11
6 8 [3] 1 0.11
6 0 [2] 1 0.11
6 2 [0] 1 0.11
6 0 [2] 1 0.11
6 8 [3] 1 0.11
6 5 [2] 1 0.11
6 5 [2] 1 0.11
6 5 [2] 1 0.11
6 2 [0] 1 0.11
6 2 [0] 1 0.11
6 8 [3] 1 0.11
6 2 [0] 1 0.11
6 2 [0] 1 0.11
6 8 [3] 1 0.11
6 5 [2] 1 0.11
6 8 [3] 1 0.11
6 2 [0] 1 0.12
6 8 [3] 1 0.12
6 1 [0] 1 0.12
6 1 [0] 1 0.12
6 1 [0] 1 0.12
6 2 [0] 1 0.12
6 8 [3] 1 0.12
6 2 [0] 1 0.12
6 8 [3] 1 0.12
6 8 [3] 1 0.12
6 8 [3] 1 0.12
6 0 [2] 1 0.12
6 8 [3] 1 0.12
6 8 [3] 1 0.12
6 8 [3] 1 0.12
6 5 [2] 1 0.12
6 0 [2] 1 0.12
6 0 [2] 1 0.12
6 8 [3] 1 0.12
6 0 [2] 1 0.12
6 5 [2] 1 0.12
6 0 [2] 1 0.12
6 5 [2] 1 0.12
6 8 [3] 1 0.12
6 2 [0] 1 0.13
6 5 [2] 1 0.13
6 8 [3] 1 0.13
6 0 [2] 1 0.13
6 5 [2] 1 0.13
6 8 [3] 1 0.13
6 5 [2] 1 0.13
6 5 [2] 1 0.13
6 5 [2] 1 0.13
6 8 [3] 1 0.13
6 2 [0] 1 0.13
6 8 [3] 1 0.13
6 8 [3] 1 0.13
6 2 [0] 1 0.13
6 2 [0] 1 0.13
6 2 [0] 1 0.13
6 2 [0] 1 0.13
6 5 [2] 1 0.12
6 5 [2] 1 0.12
6 5 [2] 1 0.12
6 2 [0] 1 0.12
6 5 [2] 1 0.12
6 5 [2] 1 0.12
6 5 [2] 1 0.12
6 5 [2] 1 0.12
6 5 [2] 1 0.12
6 2 [0] 1 0.12
6 2 [0] 1 0.12
6 5 [2] 1 0.13
6 2 [0] 1 0.13
6 5 [2] 1 0.13
6 5 [2] 1 0.13
6 2 [0] 1 0.13
6 2 [0] 1 0.13
6 2 [0] 1 0.13
6 2 [0] 1 0.13
6 2 [0] 1 0.13
6 2 [0] 1 0.13
6 2 [0] 1 0.12
6 2 [0] 1 0.12
6 2 [0] 1 0.12
6 2 [0] 1 0.12
6 2 [0] 1 0.12
6 2 [0] 1 0.12
6 2 [0] 1 0.12
6 2 [0] 1 0.12
6 2 [0] 1 0.12
6 5 [2] 1 0.12
6 9 [1] 1 0.12
7 5 [2] 1 0.08
7 5 [2] 1 0.10
7 2 [0] 1 0.02
7 2 [0] 1 0.03
7 2 [0] 1 0.03
7 2 [0] 1 0.04
7 2 [0] 1 0.04
7 2 [0] 1 0.04
7 2 [0] 1 0.05
7 8 [3] 0 0.03
7 8 [3] 0 0.03
7 8 [3] 0 0.03
7 8 [3] 0 0.03
7 7 [3] 0 0.04
7 4 [1] 0 0.04
7 0 [2] 0 0.04
7 4 [1] 0 0.04
7 8 [3] 0 0.05
7 7 [3] 0 0.05
7 0 [2] 0 0.05
7 3 [1] 0 0.05
7 3 [1] 0 0.06
7 7 [3] 0 0.06
7 5 [2] 0 0.06
7 3 [1] 0 0.06
7 3 [1] 0 0.07
7 4 [1] 0 0.07
7 4 [1] 0 0.07
7 7 [3] 0 0.07
7 4 [1] 0 0.07
7 7 [3] 0 0.08
7 7 [3] 0 0.08
7 7 [3] 0 0.08
7 8 [3] 0 0.08
7 0 [2] 0 0.08
7 5 [2] 0 0.09
7 0 [2] 0 0.09
7 4 [1] 0 0.09
7 9 [1] 0 0.09
7 7 [3] 0 0.10
7 0 [2] 0 0.10
7 8 [3] 0 0.10
7 8 [3] 0 0.10
7 3 [1] 0 0.10
7 3 [1] 0 0.10
7 8 [3] 0 0.10
7 0 [2] 1 0.09
7 5 [2] 1 0.09
7 0 [2] 1 0.09
7 0 [2] 1 0.09
7 5 [2] 1 0.09
7 8 [3] 2 0.10
7 8 [3] 2 0.10
7 4 [1] 2 0.10
7 3 [1] 2 0.10
7 3 [1] 2 0.10
7 9 [1] 2 0.10
7 4 [1] 2 0.11
7 9 [1] 2 0.11
7 1 [0] 2 0.11
7 2 [0] 2 0.11
7 3 [1] 2 0.11
7 7 [3] 2 0.11
7 2 [0] 2 0.11
7 8 [3] 2 0.12
7 9 [1] 2 0.12
7 8 [3] 2 0.12
7 9 [1] 2 0.12
7 9 [1] 2 0.12
7 3 [1] 2 0.12
7 3 [1] 2 0.12
7 8 [3] 2 0.12
7 1 [0] 2 0.12
7 3 [1] 2 0.13
7 9 [1] 2 0.13
7 8 [3] 2 0.13
7 1 [0] 2 0.13
7 3 [1] 2 0.13
7 1 [0] 2 0.13
7 6 [0] 2 0.13
7 1 [0] 2 0.14
7 7 [3] 2 0.14
7 9 [1] 2 0.14
7 8 [3] 2 0.14
7 8 [3] 2 0.14
7 8 [3] 2 0.14
7 8 [3] 2 0.14
7 9 [1] 2 0.15
7 9 [1] 2 0.15
7 8 [3] 2 0.15
7 9 [1] 2 0.15
7 8 [3] 2 0.15
7 9 [1] 2 0.15
7 8 [3] 2 0.15
7 9 [1] 2 0.15
7 8 [3] 2 0.15
7 8 [3] 2 0.15
7 9 [1] 2 0.15
7 9 [1] 2 0.16
7 9 [1] 2 0.15
7 9 [1] 2 0.16
7 9 [1] 2 0.16
7 9 [1] 2 0.15
7 9 [1] 2 0.15
7 9 [1] 2 0.14
7 9 [1] 2 0.14
7 9 [1] 2 0.14
7 9 [1] 2 0.14
7 9 [1] 2 0.13
7 9 [1] 2 0.13
7 9 [1] 2 0.13
7 9 [1] 2 0.13
7 9 [1] 2 0.13
7 9 [1] 2 0.13
7 9 [1] 2 0.13
7 9 [1] 2 0.13
7 9 [1] 2 0.13
7 9 [1] 2 0.13
7 9 [1] 2 0.13
7 9 [1] 2 0.13
7 9 [1] 2 0.13
7 9 [1] 2 0.13
7 9 [1] 2 0.13
7 9 [1] 2 0.13
7 9 [1] 2 0.13
7 9 [1] 2 0.13
7 9 [1] 2 0.12
7 9 [1] 2 0.12
7 9 [1] 2 0.12
7 9 [1] 2 0.12
7 9 [1] 2 0.12
7 9 [1] 2 0.12
7 9 [1] 2 0.12
7 9 [1] 2 0.12
7 9 [1] 2 0.12
7 9 [1] 2 0.11
7 9 [1] 2 0.11
7 9 [1] 2 0.11
7 2 [0] 1 0.10
7 2 [0] 1 0.10
7 2 [0] 1 0.10
7 2 [0] 1 0.10
7 2 [0] 1 0.10
7 4 [1] 1 0.07
8 1 [0] 0 0.00
9 6 [0] 0 0.00
10 8 [3] 0 0.00
10 8 [3] 0 0.00
10 8 [3] 0 0.01
10 8 [3] 0 0.01
10 8 [3] 0 0.01
10 3 [1] 0 0.01
10 3 [1] 0 0.02
10 3 [1] 0 0.02
10 8 [3] 0 0.02
10 2 [0] 1 0.01
10 2 [0] 1 0.01
10 8 [3] 3 0.01
