1 1 [0] 0 0.00
2 5 [2] 2 0.00
3 8 [3] 3 0.00
4 9 [1] 2 0.50
4 7 [3] 3 0.05
5 4 [1] 1 0.00
6 7 [3] 3 0.00
7 9 [1] 1 0.00
8 5 [2] 2 0.00
9 2 [0] 0 0.00
10 6 [0] 0 0.00
1 1 [0] 0 0.00
2 5 [2] 2 0.00
3 8 [3] 3 0.00
4 7 [3] 3 0.00
5 4 [1] 1 0.00
6 7 [3] 3 0.00
7 9 [1] 1 0.00
8 5 [2] 2 0.00
9 2 [0] 0 0.00
10 6 [0] 0 0.00
11 8 [3] 3 0.00
12 6 [0] 0 0.00
13 6 [0] 0 0.00
14 2 [0] 0 0.00
15 7 [3] 3 0.00
16 5 [2] 2 0.00
17 7 [3] 3 0.00
18 7 [3] 3 0.00
19 8 [3] 3 0.00
20 2 [0] 0 0.00
21 8 [3] 3 0.00
22 8 [3] 3 0.00
23 6 [0] 0 0.00
24 4 [1] 1 0.00
25 8 [3] 3 0.00
26 6 [0] 0 0.00
27 6 [0] 0 0.00
28 4 [1] 1 0.00
29 9 [1] 1 0.00
30 9 [1] 1 0.00
31 2 [0] 0 0.00
32 7 [3] 3 0.00
33 9 [1] 1 0.00
34 8 [3] 3 0.00
35 0 [2] 1 0.50
35 5 [2] 1 0.50
35 0 [2] 1 0.50
35 1 [0] 1 0.50
35 1 [0] 1 0.56
35 5 [2] 1 0.60
35 5 [2] 1 0.64
35 5 [2] 1 0.67
35 0 [2] 1 0.64
35 0 [2] 1 0.67
35 5 [2] 1 0.69
35 2 [0] 1 0.71
35 0 [2] 1 0.72
35 1 [0] 1 0.74
35 1 [0] 1 0.75
36 5 [2] 1 1.00
36 8 [3] 1 1.00
36 5 [2] 1 0.75
36 5 [2] 1 0.67
36 0 [2] 1 0.62
36 5 [2] 1 0.67
36 8 [3] 1 0.70
36 2 [0] 1 0.73
36 1 [0] 1 0.69
36 5 [2] 1 0.67
36 6 [0] 1 0.69
36 5 [2] 1 0.67
36 3 [1] 1 0.60
37 1 [0] 1 1.00
37 1 [0] 1 0.67
37 6 [0] 1 0.50
37 8 [3] 1 0.57
37 8 [3] 1 0.56
37 6 [0] 1 0.60
37 1 [0] 1 0.47
37 6 [0] 1 0.40
38 1 [0] 1 0.25
38 2 [0] 1 0.25
38 2 [0] 1 0.30
38 2 [0] 1 0.36
38 0 [2] 1 0.36
38 0 [2] 1 0.32
38 1 [0] 1 0.35
39 1 [0] 1 1.00
39 1 [0] 1 1.00
39 2 [0] 1 0.43
39 2 [0] 1 0.50
39 2 [0] 1 0.42
39 1 [0] 1 0.33
39 1 [0] 1 0.37
39 3 [1] 1 0.35
40 2 [0] 1 0.14
40 3 [1] 1 0.05
41 9 [1] 0 0.33
41 9 [1] 0 0.40
41 9 [1] 0 0.50
41 3 [1] 0 0.50
41 9 [1] 0 0.50
41 7 [3] 0 0.55
41 3 [1] 0 0.58
41 5 [2] 0 0.62
41 4 [1] 0 0.64
41 7 [3] 0 0.67
41 7 [3] 0 0.65
41 9 [1] 0 0.67
41 3 [1] 0 0.68
41 7 [3] 0 0.70
42 8 [3] 0 0.50
42 7 [3] 0 0.40
42 7 [3] 0 0.50
42 8 [3] 0 0.29
42 5 [2] 0 0.25
43 8 [3] 0 0.14
43 5 [2] 0 0.25
43 8 [3] 0 0.27
43 5 [2] 0 0.33
43 5 [2] 0 0.25
44 8 [3] 0 0.50
44 8 [3] 0 0.67
44 5 [2] 0 0.60
44 8 [3] 0 0.67
44 8 [3] 0 0.33
44 4 [1] 1 0.25
45 5 [2] 0 0.25
45 5 [2] 0 0.20
45 8 [3] 0 0.23
45 5 [2] 0 0.21
45 0 [2] 2 0.20
46 5 [2] 0 0.07
46 5 [2] 0 0.11
46 6 [0] 0 0.10
47 5 [2] 0 0.11
47 2 [0] 0 0.05
48 7 [3] 3 0.00
49 5 [2] 3 0.50
49 9 [1] 2 0.25
49 1 [0] 3 0.27
49 1 [0] 3 0.20
50 5 [2] 3 0.20
50 9 [1] 2 0.20
50 9 [1] 2 0.27
50 9 [1] 2 0.31
50 5 [2] 3 0.31
50 3 [1] 1 0.25
51 2 [0] 3 0.33
51 5 [2] 3 0.33
51 9 [1] 2 0.43
51 9 [1] 2 0.24
51 1 [0] 0 0.20
52 9 [1] 2 0.25
52 5 [2] 3 0.29
52 5 [2] 3 0.38
52 2 [0] 3 0.44
52 2 [0] 3 0.50
52 2 [0] 3 0.46
52 5 [2] 3 0.35
53 2 [0] 3 1.00
53 9 [1] 2 1.00
53 9 [1] 2 1.00
53 9 [1] 2 1.00
53 9 [1] 2 1.00
53 9 [1] 2 0.86
53 5 [2] 3 0.64
53 9 [1] 2 0.40
54 2 [0] 3 0.25
54 2 [0] 3 0.22
54 9 [1] 2 0.30
54 2 [0] 3 0.36
54 9 [1] 2 0.36
54 9 [1] 2 0.35
54 6 [0] 0 0.30
55 9 [1] 2 0.11
55 2 [0] 3 0.20
55 5 [2] 3 0.27
55 2 [0] 3 0.33
55 5 [2] 3 0.29
55 2 [0] 3 0.32
55 4 [1] 1 0.30
56 5 [2] 3 0.11
56 9 [1] 2 0.15
56 2 [0] 3 0.21
56 2 [0] 3 0.22
56 7 [3] 3 0.20
57 9 [1] 2 1.00
57 5 [2] 3 0.25
57 9 [1] 2 0.25
57 2 [0] 3 0.27
57 1 [0] 0 0.20
58 2 [0] 3 0.14
58 2 [0] 3 0.20
58 8 [3] 3 0.10
59 9 [1] 2 0.50
59 2 [0] 3 0.50
59 9 [1] 2 0.43
59 2 [0] 3 0.50
59 2 [0] 3 0.56
59 9 [1] 2 0.40
59 9 [1] 2 0.39
59 9 [1] 2 0.40
60 3 [1] 2 0.25
60 2 [0] 3 0.33
60 9 [1] 2 0.43
60 2 [0] 3 0.40
60 3 [1] 2 0.42
60 9 [1] 2 0.40
60 9 [1] 2 0.41
60 8 [3] 3 0.35
61 5 [2] 3 1.00
61 2 [0] 3 1.00
61 1 [0] 3 1.00
61 9 [1] 2 0.80
61 5 [2] 3 0.83
61 5 [2] 3 0.86
61 2 [0] 3 0.78
61 9 [1] 2 0.80
61 2 [0] 3 0.82
61 3 [1] 2 0.83
61 3 [1] 2 0.79
61 3 [1] 2 0.80
61 9 [1] 2 0.65
62 2 [0] 3 0.33
62 3 [1] 2 0.50
62 3 [1] 2 0.60
62 3 [1] 2 0.50
62 9 [1] 2 0.45
62 2 [0] 3 0.46
62 5 [2] 3 0.44
62 1 [0] 3 0.47
62 3 [1] 2 0.50
62 3 [1] 2 0.50
63 3 [1] 2 1.00
63 3 [1] 2 1.00
63 5 [2] 3 0.75
63 3 [1] 2 0.80
63 1 [0] 3 0.71
63 9 [1] 2 0.40
63 3 [1] 2 0.44
63 5 [2] 3 0.40
64 5 [2] 3 1.00
64 2 [0] 3 1.00
64 1 [0] 3 1.00
64 9 [1] 2 1.00
64 9 [1] 2 0.83
64 9 [1] 2 0.86
64 5 [2] 3 0.88
64 3 [1] 2 0.89
64 5 [2] 3 0.90
64 1 [0] 3 0.91
64 5 [2] 3 0.92
64 3 [1] 2 0.80
64 2 [0] 3 0.81
64 9 [1] 2 0.82
64 3 [1] 2 0.83
64 7 [3] 3 0.75
65 1 [0] 3 0.25
65 3 [1] 2 0.40
65 2 [0] 3 0.50
65 3 [1] 2 0.57
65 1 [0] 3 0.62
65 1 [0] 3 0.60
65 2 [0] 3 0.64
65 2 [0] 3 0.62
65 2 [0] 3 0.60
65 5 [2] 3 0.62
65 5 [2] 3 0.58
65 8 [3] 3 0.55
66 1 [0] 3 0.50
66 5 [2] 3 0.67
66 3 [1] 2 0.60
66 3 [1] 2 0.67
66 3 [1] 2 0.56
66 5 [2] 3 0.60
66 1 [0] 3 0.64
66 2 [0] 3 0.67
66 1 [0] 3 0.69
66 1 [0] 3 0.67
66 3 [1] 2 0.69
66 3 [1] 2 0.60
67 5 [2] 3 0.50
67 3 [1] 2 0.67
67 5 [2] 3 0.75
67 2 [0] 3 0.80
67 1 [0] 3 0.83
67 3 [1] 2 0.75
67 3 [1] 2 0.78
67 1 [0] 3 0.73
67 9 [1] 2 0.75
67 1 [0] 3 0.62
67 2 [0] 3 0.61
67 6 [0] 0 0.55
68 5 [2] 3 1.00
68 2 [0] 3 0.40
68 5 [2] 3 0.43
68 5 [2] 3 0.50
68 2 [0] 3 0.56
68 1 [0] 3 0.43
68 9 [1] 2 0.47
68 5 [2] 3 0.50
68 1 [0] 3 0.45
69 1 [0] 3 1.00
69 3 [1] 2 0.67
69 1 [0] 3 0.43
69 1 [0] 3 0.44
69 2 [0] 3 0.50
69 3 [1] 2 0.55
69 9 [1] 2 0.50
69 1 [0] 3 0.53
69 1 [0] 3 0.47
69 2 [0] 3 0.50
70 2 [0] 3 1.00
70 9 [1] 2 0.40
70 9 [1] 2 0.33
70 9 [1] 2 0.36
70 9 [1] 2 0.42
70 1 [0] 3 0.43
70 5 [2] 3 0.47
70 2 [0] 3 0.50
70 1 [0] 3 0.53
70 1 [0] 3 0.56
70 1 [0] 3 0.55
71 3 [1] 2 1.00
71 3 [1] 2 0.67
71 9 [1] 2 0.75
71 1 [0] 3 0.80
71 2 [0] 3 0.71
71 2 [0] 3 0.75
71 5 [2] 3 0.78
71 1 [0] 3 0.73
71 2 [0] 3 0.60
71 5 [2] 3 0.62
71 1 [0] 3 0.65
71 5 [2] 3 0.63
71 1 [0] 3 0.65
72 9 [1] 2 1.00
72 2 [0] 3 0.67
72 5 [2] 3 0.75
72 2 [0] 3 0.80
72 2 [0] 3 0.62
72 3 [1] 2 0.55
72 2 [0] 3 0.58
72 1 [0] 3 0.62
72 9 [1] 2 0.56
72 1 [0] 3 0.56
72 1 [0] 3 0.58
72 3 [1] 2 0.60
73 9 [1] 2 0.25
73 1 [0] 3 0.40
73 2 [0] 3 0.33
73 5 [2] 3 0.36
73 3 [1] 2 0.33
73 5 [2] 3 0.38
73 3 [1] 2 0.41
73 5 [2] 3 0.42
73 8 [3] 3 0.40
74 1 [0] 3 0.50
74 3 [1] 2 0.67
74 3 [1] 2 0.50
74 9 [1] 2 0.57
74 1 [0] 3 0.45
74 5 [2] 3 0.50
74 2 [0] 3 0.50
74 2 [0] 3 0.53
74 9 [1] 2 0.56
74 3 [1] 2 0.59
74 1 [0] 3 0.58
74 0 [2] 2 0.55
75 5 [2] 3 1.00
75 3 [1] 2 0.67
75 3 [1] 2 0.75
75 3 [1] 2 0.80
75 9 [1] 2 0.62
75 2 [0] 3 0.50
75 1 [0] 3 0.50
75 2 [0] 3 0.47
75 3 [1] 2 0.50
75 5 [2] 3 0.53
75 6 [0] 0 0.50
76 9 [1] 2 1.00
76 2 [0] 3 1.00
76 1 [0] 3 1.00
76 1 [0] 3 1.00
76 2 [0] 3 0.83
76 9 [1] 2 0.75
76 1 [0] 3 0.64
76 2 [0] 3 0.62
76 3 [1] 2 0.64
76 3 [1] 2 0.67
76 2 [0] 3 0.69
76 5 [2] 2 0.55
77 2 [0] 3 0.50
77 2 [0] 3 0.67
77 2 [0] 3 0.43
77 3 [1] 2 0.50
77 1 [0] 3 0.36
77 1 [0] 3 0.35
77 8 [3] 3 0.30
78 1 [0] 3 0.50
78 3 [1] 2 0.50
78 2 [0] 3 0.43
78 3 [1] 2 0.44
78 3 [1] 2 0.50
78 3 [1] 2 0.46
78 9 [1] 2 0.44
78 9 [1] 2 0.47
78 9 [1] 2 0.50
78 3 [1] 2 0.50
79 2 [0] 3 1.00
79 2 [0] 3 0.67
79 1 [0] 3 0.30
79 3 [1] 2 0.33
79 2 [0] 3 0.36
79 3 [1] 2 0.40
79 9 [1] 2 0.41
79 2 [0] 3 0.40
80 9 [1] 2 0.33
80 3 [1] 2 0.25
80 1 [0] 3 0.27
80 9 [1] 2 0.33
80 3 [1] 2 0.33
80 1 [0] 3 0.35
80 7 [3] 3 0.30
81 1 [0] 3 0.33
81 3 [1] 2 0.50
81 1 [0] 3 0.60
81 9 [1] 2 0.50
81 2 [0] 3 0.56
81 9 [1] 2 0.50
81 1 [0] 3 0.50
81 9 [1] 2 0.47
81 9 [1] 2 0.50
81 2 [0] 3 0.53
81 1 [0] 3 0.55
82 2 [0] 3 0.20
82 2 [0] 3 0.22
82 3 [1] 2 0.25
82 3 [1] 2 0.31
82 9 [1] 2 0.28
82 8 [3] 3 0.25
83 3 [1] 2 0.33
83 1 [0] 3 0.50
83 3 [1] 2 0.60
83 3 [1] 2 0.57
83 1 [0] 3 0.62
83 2 [0] 3 0.67
83 9 [1] 2 0.64
83 2 [0] 3 0.62
83 3 [1] 2 0.60
83 2 [0] 3 0.62
83 2 [0] 3 0.61
83 4 [1] 1 0.55
84 9 [1] 2 1.00
84 9 [1] 2 1.00
84 2 [0] 3 1.00
84 2 [0] 3 0.80
84 2 [0] 3 0.71
84 9 [1] 2 0.50
84 9 [1] 2 0.50
84 2 [0] 3 0.44
84 2 [0] 3 0.47
84 7 [3] 3 0.45
85 1 [0] 3 1.00
85 1 [0] 3 1.00
85 3 [1] 2 0.75
85 1 [0] 3 0.80
85 3 [1] 2 0.71
85 9 [1] 2 0.75
85 3 [1] 2 0.64
85 9 [1] 2 0.62
85 4 [1] 1 0.40
86 1 [0] 3 0.17
86 9 [1] 2 0.20
86 2 [0] 3 0.25
86 2 [0] 3 0.31
86 9 [1] 2 0.31
86 1 [0] 3 0.32
86 7 [3] 3 0.30
87 2 [0] 3 1.00
87 9 [1] 2 0.22
87 2 [0] 3 0.20
87 9 [1] 2 0.24
87 1 [0] 3 0.28
87 4 [1] 1 0.25
88 1 [0] 3 0.33
88 5 [2] 2 0.05
89 3 [1] 2 0.50
89 9 [1] 2 0.33
89 2 [0] 3 0.25
89 9 [1] 2 0.31
89 3 [1] 2 0.31
89 0 [2] 2 0.25
90 9 [1] 2 1.00
90 1 [0] 3 1.00
90 2 [0] 3 0.60
90 9 [1] 2 0.33
90 3 [1] 2 0.38
90 9 [1] 2 0.43
90 9 [1] 2 0.41
90 2 [0] 3 0.40
91 9 [1] 2 1.00
91 9 [1] 2 1.00
91 9 [1] 2 0.75
91 9 [1] 2 0.80
91 3 [1] 2 0.50
91 2 [0] 3 0.55
91 9 [1] 2 0.58
91 3 [1] 2 0.62
91 3 [1] 2 0.64
91 3 [1] 2 0.67
91 9 [1] 2 0.69
91 6 [0] 0 0.55
92 2 [0] 3 1.00
92 1 [0] 3 0.40
92 9 [1] 2 0.43
92 2 [0] 3 0.44
92 2 [0] 3 0.38
92 3 [1] 2 0.33
92 1 [0] 3 0.37
92 5 [2] 2 0.35
93 2 [0] 3 1.00
93 3 [1] 2 0.67
93 2 [0] 3 0.43
93 3 [1] 2 0.50
93 1 [0] 3 0.36
93 9 [1] 3 0.35
93 9 [1] 3 0.39
93 4 [1] 1 0.35
94 3 [1] 2 1.00
94 2 [0] 3 1.00
94 9 [1] 3 0.75
94 1 [0] 3 0.36
94 3 [1] 2 0.38
94 5 [2] 2 0.25
95 3 [1] 2 0.20
95 3 [1] 2 0.29
95 2 [0] 3 0.33
95 3 [1] 2 0.36
95 1 [0] 3 0.42
95 2 [0] 3 0.35
95 1 [0] 3 0.39
95 5 [2] 2 0.35
96 2 [0] 3 0.33
96 9 [1] 3 0.40
96 2 [0] 3 0.43
96 2 [0] 3 0.50
96 1 [0] 3 0.56
96 1 [0] 3 0.55
96 3 [1] 2 0.50
96 9 [1] 3 0.44
96 4 [1] 1 0.40
97 3 [1] 2 0.50
97 2 [0] 3 0.33
97 2 [0] 3 0.27
97 1 [0] 3 0.31
97 3 [1] 2 0.29
97 1 [0] 3 0.32
97 3 [1] 2 0.35
98 9 [1] 3 0.50
98 2 [0] 3 0.40
98 3 [1] 2 0.38
98 2 [0] 3 0.40
98 1 [0] 3 0.45
98 2 [0] 3 0.50
98 9 [1] 3 0.54
98 2 [0] 3 0.47
98 8 [3] 3 0.40
99 1 [0] 3 0.50
99 3 [1] 2 0.33
99 3 [1] 2 0.38
99 2 [0] 3 0.40
99 9 [1] 2 0.38
99 3 [1] 2 0.43
99 0 [2] 2 0.30
100 3 [1] 2 1.00
100 1 [0] 3 1.00
100 3 [1] 2 1.00
100 3 [1] 2 0.67
100 3 [1] 2 0.62
100 1 [0] 3 0.60
100 3 [1] 2 0.54
100 2 [0] 3 0.50
100 3 [1] 2 0.50
100 1 [0] 3 0.53
100 5 [2] 2 0.50
