1 2 [3] 1 0.00
1 2 [3] 2 0.00
1 2 [3] 2 0.00
1 2 [3] 2 0.00
1 6 [2] 3 0.00
1 6 [2] 3 0.00
1 9 [0] 3 0.00
1 2 [3] 1 0.01
1 2 [3] 1 0.01
1 2 [3] 1 0.01
1 4 [1, 2] 2 0.01
2 2 [3] 1 0.00
2 2 [3] 1 0.01
2 2 [3] 1 0.01
2 2 [3] 1 0.01
2 2 [3] 1 0.00
2 6 [2] 3 0.00
2 2 [3] 1 0.00
2 7 [0, 3] 3 0.00
3 2 [3] 1 0.00
3 2 [3] 1 0.00
3 2 [3] 1 0.00
3 2 [3] 1 0.00
3 8 [0, 1] 0 0.00
4 2 [3] 1 0.00
4 2 [3] 1 0.00
4 6 [2] 3 0.00
4 6 [2] 3 0.00
4 6 [2] 3 0.00
4 6 [2] 3 0.00
4 6 [2] 3 0.01
4 6 [2] 3 0.01
4 6 [2] 3 0.01
4 2 [3] 1 0.01
4 2 [3] 1 0.01
4 2 [3] 1 0.01
4 2 [3] 1 0.01
4 3 [2, 3] 2 0.01
5 6 [2] 3 1.00
5 6 [2] 3 0.40
5 2 [3] 1 0.00
5 2 [3] 1 0.00
5 2 [3] 1 0.00
5 4 [1, 2] 2 0.00
6 6 [2] 3 0.00
6 6 [2] 3 0.00
6 7 [0, 3] 0 0.00
7 2 [3] 2 0.17
7 2 [3] 2 0.08
7 2 [3] 2 0.10
7 2 [3] 2 0.11
7 2 [3] 1 0.09
7 6 [2] 3 0.03
7 6 [2] 3 0.03
7 6 [2] 3 0.02
7 6 [2] 3 0.02
7 6 [2] 3 0.02
7 6 [2] 3 0.01
7 6 [2] 3 0.01
7 6 [2] 3 0.01
7 9 [0] 0 0.01
8 3 [2, 3] 0 1.00
8 6 [2] 3 0.01
8 6 [2] 3 0.00
8 9 [0] 0 0.00
9 6 [2] 3 0.00
9 6 [2] 3 0.00
9 6 [2] 3 0.00
9 6 [2] 3 0.00
9 2 [3] 1 0.00
9 2 [3] 1 0.00
9 6 [2] 3 0.01
9 6 [2] 3 0.01
9 1 [1] 1 0.00
10 6 [2] 3 0.00
10 2 [3] 1 0.00
10 7 [0, 3] 3 0.00
11 6 [2] 3 0.50
11 6 [2] 3 0.12
11 3 [2, 3] 0 0.14
11 1 [1] 0 0.17
11 6 [2] 3 0.07
11 6 [2] 3 0.09
11 6 [2] 3 0.10
11 1 [1] 0 0.11
11 6 [2] 3 0.12
11 6 [2] 3 0.13
11 6 [2] 3 0.13
11 3 [2, 3] 0 0.06
11 6 [2] 3 0.06
11 6 [2] 3 0.06
11 6 [2] 3 0.07
11 6 [2] 3 0.07
11 6 [2] 3 0.07
11 6 [2] 3 0.07
11 6 [2] 3 0.08
11 6 [2] 3 0.08
11 6 [2] 3 0.08
11 6 [2] 3 0.08
11 6 [2] 3 0.09
11 6 [2] 3 0.08
11 6 [2] 3 0.08
11 6 [2] 3 0.08
11 6 [2] 3 0.09
11 6 [2] 3 0.09
11 6 [2] 3 0.09
11 6 [2] 3 0.08
11 6 [2] 3 0.09
11 6 [2] 3 0.09
11 6 [2] 3 0.09
11 6 [2] 3 0.06
11 6 [2] 3 0.04
11 2 [3] 1 0.04
11 2 [3] 1 0.03
11 6 [2] 3 0.03
11 6 [2] 3 0.03
11 6 [2] 3 0.03
11 2 [3] 1 0.03
11 2 [3] 1 0.03
11 2 [3] 1 0.03
11 6 [2] 3 0.03
11 2 [3] 1 0.03
11 6 [2] 3 0.03
11 6 [2] 3 0.02
11 6 [2] 3 0.02
11 4 [1, 2] 1 0.02
12 6 [2] 3 0.02
12 6 [2] 3 0.02
12 6 [2] 3 0.02
12 6 [2] 3 0.01
12 6 [2] 3 0.01
12 9 [0] 3 0.02
12 2 [3] 1 0.02
12 6 [2] 3 0.01
12 6 [2] 3 0.01
12 6 [2] 3 0.01
12 2 [3] 1 0.01
12 2 [3] 1 0.01
12 2 [3] 1 0.01
12 2 [3] 1 0.01
12 2 [3] 1 0.01
12 9 [0] 3 0.01
12 4 [1, 2] 2 0.01
13 2 [3] 1 0.00
13 2 [3] 1 0.00
13 2 [3] 1 0.00
13 4 [1, 2] 2 0.00
14 2 [3] 1 0.00
14 2 [3] 1 0.00
14 2 [3] 1 0.00
14 6 [2] 2 0.00
15 2 [3] 1 0.00
15 7 [0, 3] 3 0.00
16 2 [3] 1 0.00
16 3 [2, 3] 0 0.00
16 6 [2] 3 0.00
16 6 [2] 3 0.01
16 6 [2] 3 0.01
16 6 [2] 3 0.01
16 2 [3] 2 0.01
16 1 [1] 0 0.00
16 2 [3] 3 0.00
17 2 [3] 1 0.00
17 9 [0] 3 0.00
17 9 [0] 3 0.00
17 4 [1, 2] 2 0.00
18 7 [0, 3] 3 0.00
19 4 [1, 2] 2 0.00
20 6 [2] 2 0.00
21 2 [3] 3 0.00
22 2 [3] 1 0.00
22 0 [0, 1, 3] 1 0.00
23 7 [0, 3] 3 0.00
24 5 [0, 2, 3] 2 0.00
25 2 [3] 1 0.00
25 6 [2] 2 0.00
26 2 [3] 1 0.00
26 2 [3] 1 0.00
26 9 [0] 3 0.00
26 8 [0, 1] 0 0.00
27 2 [3] 1 0.00
27 7 [0, 3] 0 0.00
28 2 [3] 1 0.01
28 6 [2] 3 0.00
28 2 [3] 1 0.00
28 2 [3] 1 0.00
28 8 [0, 1] 0 0.00
29 2 [3] 1 0.00
29 2 [3] 1 0.00
29 9 [0] 3 0.00
29 4 [1, 2] 2 0.00
30 2 [3] 2 0.00
30 2 [3] 2 0.01
30 2 [3] 1 0.00
30 0 [0, 1, 3] 1 0.00
31 6 [2] 3 0.01
31 6 [2] 3 0.01
31 7 [0, 3] 0 0.00
32 2 [3] 1 0.00
32 2 [3] 1 0.00
32 5 [0, 2, 3] 2 0.00
33 2 [3] 1 0.00
33 2 [3] 1 0.00
33 2 [3] 3 0.00
34 2 [3] 1 0.00
34 2 [3] 1 0.00
34 2 [3] 1 0.00
34 1 [1] 1 0.00
35 2 [3] 1 0.00
35 0 [0, 1, 3] 3 0.00
36 6 [2] 3 0.00
36 6 [2] 3 0.00
36 1 [1] 3 0.00
36 2 [3] 1 0.00
36 2 [3] 1 0.00
36 6 [2] 3 0.01
36 6 [2] 3 0.01
36 2 [3] 3 0.00
37 9 [0] 3 0.00
37 2 [3] 1 0.00
37 5 [0, 2, 3] 2 0.00
38 6 [2] 3 0.00
38 6 [2] 3 0.00
38 2 [3] 3 0.00
39 2 [3] 1 0.00
39 6 [2] 3 0.00
39 2 [3] 3 0.00
40 2 [3] 1 0.04
40 2 [3] 1 0.00
40 2 [3] 1 0.00
40 6 [2] 3 0.00
40 2 [3] 1 0.00
40 5 [0, 2, 3] 2 0.00
41 2 [3] 1 0.03
41 6 [2] 3 0.00
41 2 [3] 1 0.00
41 1 [1] 1 0.00
42 6 [2] 3 0.00
42 2 [3] 1 0.00
42 2 [3] 1 0.00
42 2 [3] 1 0.00
42 3 [2, 3] 2 0.00
43 6 [2] 3 0.01
43 9 [0] 3 0.00
43 9 [0] 3 0.00
43 5 [0, 2, 3] 0 0.00
44 1 [1] 1 0.00
45 2 [3] 1 0.00
45 2 [3] 1 0.00
45 3 [2, 3] 0 0.00
45 9 [0] 3 0.00
45 9 [0] 0 0.00
46 6 [2] 3 0.00
46 2 [3] 1 0.00
46 2 [3] 1 0.00
46 2 [3] 1 0.00
46 2 [3] 1 0.00
46 2 [3] 1 0.01
46 6 [2] 3 0.00
46 9 [0] 0 0.00
47 2 [3] 1 0.00
47 1 [1] 0 0.00
47 1 [1] 0 0.00
47 2 [3] 1 0.00
47 7 [0, 3] 3 0.00
48 2 [3] 1 0.00
48 2 [3] 1 0.00
48 9 [0] 3 0.00
48 2 [3] 1 0.00
48 2 [3] 1 0.00
48 1 [1] 0 0.00
48 1 [1] 0 0.01
48 6 [2] 3 0.00
48 6 [2] 2 0.00
49 1 [1] 0 0.00
49 2 [3] 1 0.00
49 9 [0] 3 0.00
49 2 [3] 1 0.00
49 6 [2] 2 0.00
50 6 [2] 3 0.00
50 2 [3] 1 0.00
50 5 [0, 2, 3] 2 0.00
51 2 [3] 1 0.00
51 6 [2] 3 0.00
51 2 [3] 1 0.00
51 8 [0, 1] 0 0.00
52 9 [0] 3 0.00
52 3 [2, 3] 0 0.00
52 6 [2] 3 0.00
52 6 [2] 3 0.00
52 2 [3] 1 0.00
52 2 [3] 1 0.00
52 4 [1, 2] 2 0.00
53 6 [2] 3 0.00
53 6 [2] 3 0.00
53 1 [1] 0 0.00
53 2 [3] 1 0.00
53 6 [2] 3 0.00
53 0 [0, 1, 3] 1 0.00
54 3 [2, 3] 0 0.00
54 1 [1] 0 0.00
54 2 [3] 1 0.00
54 6 [2] 3 0.00
54 6 [2] 2 0.00
55 2 [3] 1 0.00
55 9 [0] 3 0.00
55 2 [3] 1 0.00
55 2 [3] 1 0.00
55 2 [3] 1 0.00
55 1 [1] 1 0.00
56 3 [2, 3] 2 0.00
57 1 [1] 0 0.00
57 9 [0] 3 0.00
57 2 [3] 1 0.00
57 1 [1] 0 0.00
57 2 [3] 1 0.00
57 4 [1, 2] 2 0.00
58 6 [2] 3 0.00
58 1 [1] 1 0.00
59 4 [1, 2] 0 0.00
59 9 [0] 3 0.00
59 2 [3] 1 0.00
59 8 [0, 1] 0 0.00
60 2 [3] 1 0.01
60 2 [3] 1 0.01
60 1 [1] 0 0.00
60 3 [2, 3] 0 0.00
60 2 [3] 3 0.00
61 6 [2] 3 0.01
61 6 [2] 3 0.00
61 6 [2] 3 0.00
61 6 [2] 3 0.00
61 3 [2, 3] 0 0.00
61 1 [1] 0 0.00
61 8 [0, 1] 0 0.00
62 2 [3] 1 0.02
62 6 [2] 3 0.03
62 9 [0] 3 0.00
62 1 [1] 0 0.00
62 9 [0] 3 0.00
62 2 [3] 1 0.00
62 2 [3] 1 0.00
62 8 [0, 1] 1 0.00
63 9 [0] 3 0.00
63 2 [3] 1 0.00
63 7 [0, 3] 3 0.00
64 3 [2, 3] 0 0.03
64 1 [1] 0 0.01
64 2 [3] 1 0.00
64 9 [0] 3 0.00
64 6 [2] 3 0.00
64 1 [1] 1 0.00
65 3 [2, 3] 0 0.00
65 2 [3] 1 0.00
65 9 [0] 3 0.00
65 9 [0] 3 0.00
65 4 [1, 2] 2 0.00
66 2 [3] 1 0.00
66 1 [1] 0 0.00
66 2 [3] 1 0.00
66 2 [3] 1 0.00
66 3 [2, 3] 0 0.00
66 2 [3] 1 0.00
66 1 [1] 1 0.00
67 1 [1] 0 0.02
67 3 [2, 3] 0 0.00
67 2 [3] 1 0.00
67 2 [3] 2 0.00
67 2 [3] 1 0.00
67 8 [0, 1] 0 0.00
68 2 [3] 1 0.00
68 1 [1] 0 0.00
68 1 [1] 0 0.00
68 2 [3] 1 0.00
68 6 [2] 3 0.00
68 9 [0] 3 0.00
68 2 [3] 1 0.00
68 9 [0] 0 0.00
69 6 [2] 3 0.00
69 2 [3] 1 0.00
69 2 [3] 1 0.00
69 2 [3] 1 0.00
69 2 [3] 2 0.00
69 5 [0, 2, 3] 3 0.00
70 7 [0, 3] 1 0.00
70 2 [3] 1 0.00
70 2 [3] 2 0.00
70 6 [2] 2 0.00
71 9 [0] 3 0.00
71 2 [3] 1 0.00
71 7 [0, 3] 1 0.00
71 1 [1] 0 0.00
71 2 [3] 2 0.00
71 8 [0, 1] 0 0.00
72 6 [2] 3 0.06
72 2 [3] 1 0.01
72 2 [3] 2 0.00
72 1 [1] 0 0.00
72 2 [3] 1 0.01
72 2 [3] 1 0.01
72 2 [3] 1 0.01
72 2 [3] 1 0.01
72 1 [1] 0 0.01
72 1 [1] 0 0.01
72 1 [1] 0 0.01
72 2 [3] 1 0.01
72 0 [0, 1, 3] 1 0.01
73 1 [1] 0 0.14
73 6 [2] 3 0.11
73 1 [1] 0 0.01
73 1 [1] 0 0.01
73 2 [3] 1 0.01
73 1 [1] 0 0.01
73 8 [0, 1] 0 0.00
74 1 [1] 0 0.00
74 7 [0, 3] 1 0.00
74 9 [0] 3 0.00
74 6 [2] 3 0.00
74 6 [2] 3 0.00
74 2 [3] 1 0.00
74 3 [2, 3] 2 0.00
75 6 [2] 3 0.00
75 3 [2, 3] 0 0.00
75 1 [1] 0 0.00
75 6 [2] 2 0.00
76 2 [3] 1 0.00
76 6 [2] 3 0.01
76 6 [2] 3 0.01
76 6 [2] 3 0.01
76 7 [0, 3] 1 0.01
76 7 [0, 3] 1 0.01
76 7 [0, 3] 1 0.01
76 1 [1] 0 0.01
76 2 [3] 2 0.01
76 9 [0] 0 0.00
77 2 [3] 1 0.00
77 2 [3] 1 0.00
77 2 [3] 1 0.00
77 6 [2] 3 0.00
77 2 [3] 1 0.00
77 5 [0, 2, 3] 2 0.00
78 2 [3] 1 0.00
78 1 [1] 0 0.01
78 2 [3] 1 0.00
78 3 [2, 3] 0 0.01
78 2 [3] 1 0.00
78 6 [2] 3 0.00
78 2 [3] 1 0.00
78 9 [0] 0 0.00
79 2 [3] 1 0.06
79 2 [3] 1 0.03
79 2 [3] 2 0.01
79 2 [3] 1 0.00
79 6 [2] 3 0.00
79 1 [1] 1 0.00
80 2 [3] 1 0.02
80 2 [3] 1 0.01
80 2 [3] 1 0.00
80 9 [0] 3 0.00
80 2 [3] 1 0.00
80 1 [1] 0 0.00
80 3 [2, 3] 2 0.00
81 1 [1] 0 0.00
81 2 [3] 2 0.00
81 7 [0, 3] 1 0.01
81 2 [3] 1 0.01
81 9 [0] 3 0.01
81 2 [3] 1 0.01
81 2 [3] 1 0.01
81 2 [3] 1 0.01
81 6 [2] 3 0.00
81 9 [0] 0 0.00
82 6 [2] 3 0.00
82 6 [2] 3 0.00
82 2 [3] 1 0.00
82 2 [3] 1 0.00
82 9 [0] 0 0.00
83 2 [3] 1 0.00
83 9 [0] 3 0.00
83 2 [3] 1 0.00
83 1 [1] 0 0.01
83 2 [3] 1 0.00
83 2 [3] 1 0.00
83 2 [3] 1 0.00
83 1 [1] 1 0.00
84 2 [3] 1 0.00
84 2 [3] 1 0.01
84 7 [0, 3] 1 0.01
84 2 [3] 2 0.01
84 6 [2] 3 0.01
84 6 [2] 1 0.01
84 2 [3] 1 0.01
84 2 [3] 1 0.01
84 3 [2, 3] 0 0.01
84 3 [2, 3] 0 0.01
84 5 [0, 2, 3] 0 0.01
85 2 [3] 1 0.05
85 2 [3] 1 0.03
85 7 [0, 3] 1 0.01
85 2 [3] 1 0.01
85 3 [2, 3] 0 0.01
85 2 [3] 1 0.01
85 2 [3] 3 0.00
86 2 [3] 1 0.00
86 7 [0, 3] 1 0.01
86 1 [1] 0 0.01
86 2 [3] 1 0.01
86 2 [3] 1 0.01
86 6 [2] 3 0.01
86 1 [1] 0 0.01
86 2 [3] 1 0.01
86 2 [3] 1 0.01
86 1 [1] 0 0.01
86 3 [2, 3] 0 0.01
86 4 [1, 2] 2 0.01
87 2 [3] 2 0.00
87 2 [3] 1 0.00
87 2 [3] 1 0.00
87 7 [0, 3] 1 0.00
87 1 [1] 1 0.00
88 6 [2] 3 0.01
88 6 [2] 3 0.01
88 2 [3] 1 0.00
88 5 [0, 2, 3] 0 0.00
89 2 [3] 1 0.00
89 2 [3] 2 0.00
89 3 [2, 3] 0 0.00
89 1 [1] 0 0.00
89 1 [1] 1 0.00
90 2 [3] 1 0.00
90 2 [3] 1 0.00
90 6 [2] 3 0.00
90 2 [3] 1 0.00
90 9 [0] 3 0.00
90 2 [3] 3 0.00
91 2 [3] 1 0.01
91 3 [2, 3] 0 0.01
91 3 [2, 3] 0 0.00
91 9 [0] 3 0.00
91 2 [3] 1 0.00
91 2 [3] 1 0.00
91 2 [3] 1 0.00
91 2 [3] 2 0.00
91 2 [3] 1 0.00
91 3 [2, 3] 2 0.00
92 2 [3] 1 0.00
92 3 [2, 3] 0 0.00
92 6 [2] 3 0.00
92 6 [2] 3 0.01
92 1 [1] 0 0.01
92 2 [3] 1 0.01
92 7 [0, 3] 1 0.01
92 2 [3] 1 0.01
92 6 [2] 3 0.01
92 2 [3] 1 0.01
92 6 [2] 3 0.01
92 2 [3] 1 0.01
92 9 [0] 3 0.01
92 6 [2] 3 0.01
92 8 [0, 1] 0 0.01
93 9 [0] 3 0.00
93 2 [3] 1 0.00
93 6 [2] 3 0.00
93 2 [3] 1 0.00
93 2 [3] 3 0.00
94 6 [2] 3 0.00
94 2 [3] 1 0.01
94 2 [3] 1 0.01
94 2 [3] 1 0.01
94 1 [1] 0 0.01
94 1 [1] 0 0.01
94 7 [0, 3] 1 0.01
94 2 [3] 1 0.01
94 2 [3] 1 0.01
94 9 [0] 3 0.01
94 6 [2] 3 0.01
94 9 [0] 3 0.01
94 2 [3] 1 0.01
94 2 [3] 1 0.01
94 2 [3] 1 0.01
94 3 [2, 3] 2 0.01
95 2 [3] 1 0.00
95 9 [0] 3 0.01
95 1 [1] 0 0.01
95 2 [3] 1 0.01
95 2 [3] 1 0.01
95 2 [3] 1 0.01
95 2 [3] 1 0.01
95 3 [2, 3] 0 0.01
95 2 [3] 1 0.01
95 2 [3] 1 0.01
95 1 [1] 0 0.01
95 6 [2] 3 0.01
95 6 [2] 3 0.01
95 6 [2] 3 0.01
95 6 [2] 3 0.01
95 6 [2] 3 0.01
95 2 [3] 1 0.01
95 2 [3] 3 0.01
96 7 [0, 3] 1 0.01
96 2 [3] 0 0.01
96 1 [1] 0 0.01
96 7 [0, 3] 1 0.01
96 2 [3] 1 0.01
96 2 [3] 1 0.01
96 2 [3] 1 0.01
96 2 [3] 1 0.01
96 2 [3] 1 0.01
96 3 [2, 3] 0 0.01
96 2 [3] 1 0.01
96 9 [0] 0 0.01
97 2 [3] 1 0.01
97 1 [1] 0 0.01
97 2 [3] 1 0.01
97 1 [1] 0 0.01
97 6 [2] 3 0.00
97 3 [2, 3] 0 0.01
97 6 [2] 3 0.01
97 2 [3] 2 0.01
97 6 [2] 3 0.01
97 3 [2, 3] 2 0.00
98 2 [3] 1 0.01
98 3 [2, 3] 0 0.00
98 6 [2] 3 0.00
98 9 [0] 0 0.00
99 2 [3] 1 0.01
99 2 [3] 1 0.01
99 3 [2, 3] 0 0.01
99 7 [0, 3] 1 0.02
99 2 [3] 1 0.01
99 2 [3] 1 0.00
99 1 [1] 0 0.00
99 3 [2, 3] 0 0.00
99 1 [1] 0 0.00
99 2 [3] 2 0.01
99 2 [3] 1 0.01
99 5 [0, 2, 3] 2 0.01
100 2 [3] 2 0.00
100 1 [1] 0 0.01
100 2 [3] 1 0.01
100 2 [3] 1 0.01
100 3 [2, 3] 0 0.00
100 2 [3] 2 0.00
100 6 [2] 3 0.01
100 4 [1, 2] 2 0.00