1 3 [1] 1 0.00
2 3 [1] 0 0.05
2 4 [1] 0 0.09
2 3 [1] 0 0.12
2 8 [3] 0 0.16
2 7 [3] 0 0.18
2 7 [3] 0 0.20
2 9 [1] 0 0.20
2 9 [1] 0 0.22
2 4 [1] 0 0.23
2 1 [0] 0 0.04
3 6 [0] 0 0.00
4 5 [2] 2 0.00
5 1 [0] 0 0.00
6 5 [2] 1 0.07
6 1 [0] 1 0.10
6 5 [2] 1 0.12
6 1 [0] 1 0.15
6 1 [0] 1 0.18
6 2 [0] 1 0.16
6 2 [0] 1 0.18
6 3 [1] 1 0.04
7 1 [0] 0 0.00
8 8 [3] 2 0.01
8 8 [3] 2 0.01
8 9 [1] 1 0.01
9 2 [0] 3 0.01
9 9 [1] 3 0.02
9 9 [1] 3 0.03
9 2 [0] 3 0.04
9 6 [0] 3 0.04
9 6 [0] 3 0.05
9 9 [1] 3 0.06
9 6 [0] 3 0.07
9 9 [1] 3 0.07
9 9 [1] 3 0.08
9 9 [1] 3 0.08
9 6 [0] 3 0.06
10 8 [3] 3 0.00
1 2 [0] 0 0.00
2 7 [3] 3 0.00
3 5 [2] 2 0.00
4 1 [0] 0 0.00
5 9 [1] 1 0.00
6 5 [2] 2 0.00
7 1 [0] 0 0.00
8 8 [3] 0 0.01
8 0 [2] 2 0.01
9 9 [1] 1 0.00
10 6 [0] 3 0.01
10 3 [1] 3 0.02
10 3 [1] 3 0.03
10 6 [0] 3 0.04
10 6 [0] 0 0.02
11 5 [2] 2 0.00
12 7 [3] 1 0.50
12 2 [0] 1 0.67
12 7 [3] 1 0.50
12 2 [0] 1 0.44
12 9 [1] 0 0.12
12 0 [2] 0 0.13
12 9 [1] 0 0.15
12 9 [1] 0 0.17
12 4 [1] 0 0.18
12 8 [3] 0 0.20
12 3 [1] 0 0.21
12 9 [1] 0 0.22
12 9 [1] 0 0.23
12 8 [3] 0 0.24
12 7 [3] 0 0.25
12 8 [3] 0 0.27
12 4 [1] 0 0.28
12 8 [3] 0 0.27
12 7 [3] 0 0.27
12 8 [3] 0 0.28
12 4 [1] 0 0.29
12 9 [1] 0 0.30
12 3 [1] 0 0.30
12 9 [1] 0 0.30
12 7 [3] 0 0.31
12 0 [2] 3 0.31
12 3 [1] 0 0.31
12 0 [2] 3 0.30
12 3 [1] 0 0.31
12 9 [1] 3 0.32
12 3 [1] 0 0.32
12 9 [1] 3 0.33
12 3 [1] 0 0.33
12 3 [1] 1 0.17
13 7 [3] 3 0.00
14 2 [0] 0 0.00
15 5 [2] 2 0.00
16 8 [3] 3 0.00
17 8 [3] 1 0.01
17 8 [3] 1 0.01
17 8 [3] 1 0.02
17 8 [3] 3 0.01
18 9 [1] 2 0.02
18 9 [1] 2 0.03
18 9 [1] 2 0.03
18 9 [1] 2 0.04
18 9 [1] 2 0.05
18 9 [1] 2 0.06
18 9 [1] 2 0.07
18 9 [1] 2 0.07
18 2 [0] 0 0.04
19 9 [1] 2 0.01
19 8 [3] 3 0.01
20 0 [2] 2 0.00
21 3 [1] 3 0.01
21 3 [1] 3 0.02
21 3 [1] 3 0.03
21 7 [3] 3 0.01
22 7 [3] 0 0.05
22 8 [3] 0 0.09
22 3 [1] 0 0.12
22 4 [1] 0 0.16
22 4 [1] 0 0.19
22 3 [1] 0 0.21
22 8 [3] 0 0.23
22 3 [1] 0 0.24
22 9 [1] 0 0.26
22 9 [1] 0 0.21
22 9 [1] 0 0.19
22 8 [3] 0 0.21
22 9 [1] 0 0.22
22 0 [2] 2 0.07
23 8 [3] 3 0.00
24 4 [1] 1 0.00
25 8 [3] 3 0.00
26 8 [3] 3 0.00
27 8 [3] 0 0.01
27 8 [3] 0 0.02
27 8 [3] 0 0.03
27 8 [3] 0 0.04
27 0 [2] 2 0.02
28 9 [1] 2 0.01
28 1 [0] 0 0.01
29 7 [3] 0 0.05
29 9 [1] 0 0.09
29 3 [1] 0 0.12
29 0 [2] 0 0.16
29 4 [1] 0 0.19
29 0 [2] 0 0.20
29 4 [1] 0 0.23
29 4 [1] 0 0.25
29 4 [1] 0 0.27
29 7 [3] 0 0.29
29 3 [1] 0 0.30
29 3 [1] 0 0.32
29 9 [1] 0 0.33
29 8 [3] 0 0.35
29 9 [1] 0 0.33
29 9 [1] 0 0.33
29 9 [1] 0 0.31
29 8 [3] 0 0.23
29 8 [3] 0 0.24
29 6 [0] 0 0.10
30 8 [3] 0 0.01
30 3 [1] 3 0.02
30 3 [1] 3 0.03
30 3 [1] 3 0.04
30 3 [1] 3 0.04
30 1 [0] 3 0.05
30 8 [3] 3 0.03
31 3 [1] 1 0.00
32 6 [0] 0 0.00
33 2 [0] 1 0.01
33 2 [0] 1 0.01
33 4 [1] 1 0.01
34 9 [1] 1 0.00
35 9 [1] 0 0.02
35 9 [1] 0 0.04
35 1 [0] 0 0.01
36 9 [1] 1 0.00
37 6 [0] 0 0.00
38 5 [2] 2 0.00
39 2 [0] 1 0.50
39 5 [2] 1 0.50
39 5 [2] 1 0.38
39 2 [0] 1 0.36
39 2 [0] 1 0.42
39 2 [0] 1 0.40
39 5 [2] 1 0.33
39 5 [2] 1 0.24
39 5 [2] 1 0.23
39 9 [1] 3 0.11
39 9 [1] 3 0.12
39 0 [2] 3 0.13
39 6 [0] 3 0.13
39 7 [3] 3 0.07
40 3 [1] 1 0.00
41 9 [1] 1 0.00
42 0 [2] 2 0.00
43 3 [1] 2 0.02
43 7 [3] 2 0.04
43 2 [0] 2 0.06
43 7 [3] 2 0.08
43 2 [0] 2 0.10
43 9 [1] 2 0.11
43 8 [3] 2 0.13
43 3 [1] 2 0.14
43 2 [0] 2 0.16
43 3 [1] 2 0.17
43 9 [1] 2 0.17
43 9 [1] 2 0.16
43 9 [1] 2 0.16
43 9 [1] 2 0.17
43 9 [1] 2 0.17
43 9 [1] 2 0.18
43 9 [1] 2 0.17
43 9 [1] 2 0.15
43 5 [2] 2 0.09
44 9 [1] 2 0.04
44 9 [1] 2 0.07
44 9 [1] 2 0.09
44 9 [1] 2 0.11
44 9 [1] 2 0.11
44 9 [1] 2 0.12
44 4 [1] 1 0.03
45 0 [2] 2 0.00
46 0 [2] 2 0.00
47 7 [3] 3 0.00
48 3 [1] 1 0.00
49 5 [2] 2 0.00
50 8 [3] 1 0.50
50 0 [2] 1 0.67
50 5 [2] 1 0.75
50 5 [2] 1 0.50
50 0 [2] 1 0.45
50 5 [2] 1 0.43
50 7 [3] 1 0.47
50 0 [2] 1 0.50
50 0 [2] 1 0.47
50 7 [3] 1 0.50
50 0 [2] 2 0.05
51 4 [1] 1 0.00
52 4 [1] 1 0.00
53 9 [1] 1 0.00
54 8 [3] 0 0.02
54 9 [1] 0 0.05
54 9 [1] 0 0.05
54 9 [1] 1 0.01
55 3 [1] 3 0.01
55 3 [1] 3 0.02
55 1 [0] 3 0.03
55 1 [0] 3 0.04
55 1 [0] 3 0.05
55 5 [2] 3 0.06
55 1 [0] 3 0.06
55 3 [1] 3 0.07
55 0 [2] 3 0.08
55 1 [0] 3 0.09
55 5 [2] 3 0.09
55 3 [1] 3 0.10
55 0 [2] 3 0.11
55 0 [2] 3 0.11
55 0 [2] 3 0.12
55 0 [2] 3 0.12
55 0 [2] 3 0.13
55 7 [3] 3 0.09
56 3 [1] 3 0.01
56 0 [2] 2 0.01
57 2 [0] 1 0.01
57 2 [0] 1 0.01
57 2 [0] 1 0.02
57 0 [2] 2 0.01
58 8 [3] 3 0.00
59 2 [0] 0 0.00
60 3 [1] 1 0.00
61 2 [0] 0 0.00
62 3 [1] 3 0.01
62 3 [1] 3 0.02
62 3 [1] 3 0.03
62 6 [0] 3 0.04
62 6 [0] 3 0.04
62 9 [1] 1 0.03
63 5 [2] 1 0.01
63 5 [2] 1 0.01
63 2 [0] 0 0.01
64 8 [3] 3 0.00
65 2 [0] 0 0.00
66 8 [3] 2 0.01
66 8 [3] 2 0.01
66 8 [3] 2 0.02
66 4 [1] 2 0.03
66 8 [3] 2 0.03
66 8 [3] 2 0.04
66 8 [3] 2 0.04
66 7 [3] 2 0.05
66 4 [1] 2 0.05
66 4 [1] 2 0.06
66 8 [3] 2 0.06
66 8 [3] 2 0.07
66 2 [0] 0 0.06
67 7 [3] 1 0.33
67 7 [3] 1 0.50
67 7 [3] 1 0.50
67 2 [0] 1 0.50
67 7 [3] 1 0.56
67 1 [0] 1 0.43
67 2 [0] 1 0.39
67 8 [3] 1 0.42
67 2 [0] 1 0.45
67 8 [3] 0 0.37
67 6 [0] 0 0.05
68 8 [3] 3 0.00
69 3 [1] 1 0.00
70 0 [2] 2 0.00
71 1 [0] 0 0.00
72 1 [0] 0 0.00
73 8 [3] 3 0.00
74 6 [0] 3 0.01
74 6 [0] 3 0.02
74 6 [0] 3 0.03
74 7 [3] 3 0.01
75 3 [1] 1 0.00
76 6 [0] 3 0.01
76 6 [0] 3 0.02
76 6 [0] 3 0.03
76 9 [1] 3 0.04
76 6 [0] 3 0.05
76 9 [1] 3 0.06
76 6 [0] 3 0.07
76 5 [2] 3 0.08
76 9 [1] 3 0.09
76 9 [1] 3 0.10
76 6 [0] 3 0.10
76 9 [1] 3 0.11
76 6 [0] 3 0.12
76 9 [1] 3 0.12
76 0 [2] 3 0.13
76 0 [2] 3 0.13
76 0 [2] 3 0.14
76 9 [1] 3 0.14
76 0 [2] 3 0.11
76 0 [2] 3 0.12
76 0 [2] 3 0.12
76 3 [1] 1 0.10
77 0 [2] 3 0.14
77 6 [0] 3 0.14
77 0 [2] 3 0.17
77 9 [1] 0 0.17
77 8 [3] 0 0.19
77 8 [3] 0 0.19
77 0 [2] 0 0.22
77 3 [1] 0 0.24
77 9 [1] 0 0.26
77 9 [1] 0 0.29
77 8 [3] 0 0.30
77 5 [2] 1 0.08
77 2 [0] 0 0.06
78 2 [0] 0 0.00
79 4 [1] 1 0.00
80 0 [2] 1 1.00
80 0 [2] 1 0.50
80 2 [0] 1 0.50
80 5 [2] 1 0.50
80 5 [2] 1 0.38
80 2 [0] 1 0.43
80 2 [0] 1 0.47
80 5 [2] 1 0.50
80 1 [0] 1 0.43
80 7 [3] 1 0.45
80 0 [2] 1 0.48
80 0 [2] 1 0.48
80 5 [2] 1 0.48
80 1 [0] 1 0.48
80 5 [2] 1 0.48
80 2 [0] 1 0.47
80 5 [2] 1 0.49
80 5 [2] 1 0.50
80 2 [0] 1 0.51
80 0 [2] 1 0.53
80 1 [0] 1 0.54
80 2 [0] 1 0.55
80 0 [2] 1 0.27
80 0 [2] 1 0.28
80 0 [2] 1 0.21
80 0 [2] 1 0.19
80 9 [1] 1 0.13
81 0 [2] 2 0.00
82 2 [0] 0 0.00
83 9 [1] 2 0.02
83 9 [1] 2 0.04
83 9 [1] 2 0.06
83 2 [0] 2 0.08
83 9 [1] 2 0.09
83 9 [1] 2 0.11
83 9 [1] 2 0.09
83 9 [1] 2 0.10
83 9 [1] 2 0.10
83 9 [1] 2 0.10
83 9 [1] 2 0.11
83 9 [1] 2 0.11
83 9 [1] 2 0.12
83 0 [2] 2 0.07
84 1 [0] 0 0.00
85 5 [2] 2 0.00
86 8 [3] 0 0.03
86 8 [3] 0 0.05
86 9 [1] 1 0.01
87 4 [1] 1 0.00
88 3 [1] 1 0.00
89 0 [2] 3 0.05
89 2 [0] 0 0.01
90 1 [0] 0 0.00
91 0 [2] 2 0.00
92 9 [1] 1 0.00
93 7 [3] 3 0.00
94 8 [3] 0 0.02
94 9 [1] 0 0.04
94 8 [3] 0 0.05
94 4 [1] 1 0.01
95 8 [3] 3 0.00
96 2 [0] 1 0.01
96 2 [0] 1 0.01
96 5 [2] 1 0.02
96 4 [1] 1 0.01
97 0 [2] 2 0.00
98 4 [1] 0 0.04
98 8 [3] 0 0.06
98 8 [3] 0 0.08
98 8 [3] 0 0.10
98 8 [3] 0 0.12
98 8 [3] 2 0.04
98 6 [0] 2 0.05
98 9 [1] 2 0.06
98 8 [3] 2 0.06
98 9 [1] 2 0.07
98 9 [1] 2 0.07
98 9 [1] 2 0.08
98 8 [3] 2 0.08
98 8 [3] 2 0.08
98 5 [2] 2 0.07
99 4 [1] 0 0.04
99 7 [3] 0 0.07
99 7 [3] 0 0.10
99 4 [1] 0 0.12
99 3 [1] 0 0.14
99 3 [1] 0 0.17
99 7 [3] 0 0.19
99 3 [1] 1 0.04
100 6 [0] 0 0.00
