1 3 [2, 3] 1 0.02
1 6 [2] 3 0.02
1 9 [0] 3 0.02
1 9 [0] 3 0.03
1 9 [0] 3 0.04
1 6 [2] 3 0.04
1 9 [0] 3 0.04
1 6 [2] 3 0.04
1 6 [2] 3 0.04
1 6 [2] 3 0.05
1 6 [2] 3 0.04
1 6 [2] 3 0.05
1 6 [2] 3 0.04
1 6 [2] 3 0.05
1 3 [2, 3] 0 0.04
1 9 [0] 3 0.04
1 9 [0] 3 0.04
1 4 [1, 2] 3 0.04
1 6 [2] 3 0.04
1 6 [2] 3 0.04
1 4 [1, 2] 3 0.05
1 2 [3] 1 0.03
1 2 [3] 1 0.03
1 9 [0] 3 0.03
1 9 [0] 3 0.03
1 9 [0] 3 0.03
1 9 [0] 3 0.03
1 2 [3] 1 0.02
1 4 [1, 2] 2 0.01
2 4 [1, 2] 2 0.00
3 4 [1, 2] 2 0.00
4 6 [2] 2 0.00
5 7 [0, 3] 0 0.00
6 2 [3] 3 0.00
7 2 [3] 1 0.00
7 2 [3] 1 0.00
7 7 [0, 3] 1 0.00
7 7 [0, 3] 1 0.00
7 4 [1, 2] 2 0.00
8 7 [0, 3] 0 0.00
9 4 [1, 2] 2 0.00
10 6 [2] 2 0.00
11 2 [3] 3 0.00
12 2 [3] 1 0.00
12 2 [3] 1 0.00
12 0 [0, 1, 3] 1 0.00
13 2 [3] 1 0.02
13 7 [0, 3] 3 0.00
14 5 [0, 2, 3] 2 0.00
15 6 [2] 2 0.00
16 8 [0, 1] 0 0.00
17 2 [3] 1 0.00
17 2 [3] 1 0.00
17 2 [3] 1 0.00
17 2 [3] 1 0.00
17 7 [0, 3] 3 0.00
18 8 [0, 1] 0 0.00
19 2 [3] 1 0.02
19 2 [3] 1 0.00
19 4 [1, 2] 2 0.00
20 0 [0, 1, 3] 1 0.00
21 2 [3] 1 0.00
21 2 [3] 1 0.00
21 7 [0, 3] 3 0.00
22 2 [3] 1 0.00
22 2 [3] 1 0.00
22 5 [0, 2, 3] 2 0.00
23 2 [3] 1 0.00
23 2 [3] 1 0.00
23 2 [3] 3 0.00
24 9 [0] 3 0.20
24 9 [0] 3 0.00
24 9 [0] 3 0.00
24 9 [0] 3 0.00
24 9 [0] 3 0.00
24 9 [0] 3 0.00
24 9 [0] 3 0.00
24 9 [0] 3 0.01
24 1 [1] 1 0.00
25 9 [0] 3 0.00
25 2 [3] 1 0.01
25 2 [3] 1 0.01
25 2 [3] 1 0.00
25 2 [3] 1 0.00
25 0 [0, 1, 3] 1 0.00
26 2 [3] 1 0.01
26 2 [3] 1 0.01
26 2 [3] 1 0.02
26 2 [3] 1 0.03
26 2 [3] 3 0.00
27 9 [0] 3 0.00
27 9 [0] 3 0.00
27 2 [3] 1 0.00
27 2 [3] 1 0.00
27 2 [3] 2 0.00
27 2 [3] 1 0.00
27 5 [0, 2, 3] 0 0.00
28 2 [3] 1 0.00
28 2 [3] 3 0.00
29 2 [3] 1 0.00
29 9 [0] 3 0.00
29 2 [3] 1 0.00
29 2 [3] 1 0.00
29 2 [3] 1 0.00
29 6 [2] 1 0.00
29 2 [3] 3 0.00
30 2 [3] 1 0.00
30 2 [3] 1 0.00
30 9 [0] 3 0.00
30 9 [0] 3 0.00
30 5 [0, 2, 3] 3 0.00
31 2 [3] 1 0.00
31 2 [3] 1 0.00
31 2 [3] 1 0.00
31 2 [3] 1 0.00
31 2 [3] 1 0.01
31 1 [1] 1 0.00
32 2 [3] 1 0.00
32 6 [2] 3 0.00
32 2 [3] 1 0.00
32 9 [0] 3 0.00
32 9 [0] 3 0.00
32 3 [2, 3] 2 0.00
33 2 [3] 1 0.00
33 9 [0] 3 0.00
33 5 [0, 2, 3] 2 0.00
34 9 [0] 3 0.00
34 2 [3] 1 0.00
34 2 [3] 1 0.00
34 1 [1] 1 0.00
35 6 [2] 3 0.00
35 9 [0] 0 0.00
36 2 [3] 1 0.01
36 2 [3] 1 0.00
36 2 [3] 1 0.00
36 9 [0] 0 0.00
37 2 [3] 1 0.00
37 9 [0] 3 0.00
37 9 [0] 3 0.00
37 7 [0, 3] 0 0.00
38 9 [0] 3 0.00
38 2 [3] 1 0.00
38 6 [2] 2 0.00
39 2 [3] 1 0.00
39 9 [0] 3 0.00
39 9 [0] 3 0.00
39 9 [0] 3 0.00
39 9 [0] 3 0.00
39 9 [0] 3 0.00
39 2 [3] 1 0.00
39 6 [2] 2 0.00
40 2 [3] 1 0.00
40 9 [0] 3 0.00
40 9 [0] 3 0.00
40 9 [0] 3 0.00
40 9 [0] 3 0.00
40 2 [3] 1 0.00
40 5 [0, 2, 3] 3 0.00
41 2 [3] 1 0.00
41 2 [3] 1 0.00
41 8 [0, 1] 0 0.00
42 9 [0] 3 0.00
42 9 [0] 3 0.00
42 4 [1, 2] 1 0.00
43 9 [0] 3 0.00
43 9 [0] 3 0.01
43 9 [0] 3 0.00
43 0 [0, 1, 3] 3 0.00
44 2 [3] 1 0.01
44 9 [0] 3 0.00
44 2 [3] 1 0.00
44 6 [2] 2 0.00
45 9 [0] 3 0.00
45 2 [3] 1 0.00
45 2 [3] 1 0.00
45 2 [3] 1 0.00
45 2 [3] 1 0.00
45 2 [3] 1 0.00
45 1 [1] 1 0.00
46 2 [3] 1 0.00
46 9 [0] 3 0.00
46 3 [2, 3] 2 0.00
47 2 [3] 1 0.00
47 6 [2] 3 0.00
47 4 [1, 2] 2 0.00
48 2 [3] 1 0.00
48 2 [3] 1 0.00
48 1 [1] 1 0.00
49 3 [2, 3] 0 0.00
49 2 [3] 1 0.00
49 2 [3] 1 0.00
49 8 [0, 1] 0 0.00
50 2 [3] 3 0.00
51 2 [3] 1 0.01
51 2 [3] 1 0.01
51 2 [3] 1 0.00
51 2 [3] 1 0.00
51 2 [3] 1 0.00
51 8 [0, 1] 0 0.00
52 2 [3] 1 0.00
52 2 [3] 1 0.00
52 9 [0] 3 0.00
52 2 [3] 1 0.00
52 9 [0] 3 0.00
52 8 [0, 1] 0 0.00
53 3 [2, 3] 0 0.00
53 9 [0] 3 0.01
53 9 [0] 3 0.01
53 2 [3] 1 0.00
53 9 [0] 3 0.00
53 7 [0, 3] 3 0.00
54 9 [0] 3 0.00
54 6 [2] 3 0.00
54 9 [0] 3 0.00
54 1 [1] 1 0.00
55 2 [3] 1 0.00
55 2 [3] 1 0.00
55 2 [3] 1 0.00
55 2 [3] 1 0.00
55 2 [3] 1 0.00
55 2 [3] 1 0.00
55 2 [3] 1 0.00
55 9 [0] 3 0.00
55 4 [1, 2] 2 0.00
56 2 [3] 1 0.00
56 9 [0] 3 0.00
56 2 [3] 1 0.00
56 9 [0] 3 0.00
56 2 [3] 1 0.00
56 6 [2] 3 0.00
56 1 [1] 1 0.00
57 9 [0] 3 0.00
57 2 [3] 1 0.00
57 8 [0, 1] 0 0.00
58 2 [3] 1 0.01
58 2 [3] 1 0.01
58 9 [0] 3 0.02
58 6 [2] 3 0.01
58 9 [0] 0 0.00
59 2 [3] 1 0.00
59 5 [0, 2, 3] 2 0.00
60 2 [3] 1 0.01
60 9 [0] 3 0.00
60 9 [0] 3 0.00
60 9 [0] 3 0.01
60 9 [0] 3 0.01
60 9 [0] 3 0.00
60 9 [0] 3 0.01
60 2 [3] 1 0.01
60 9 [0] 3 0.01
60 6 [2] 2 0.00
61 2 [3] 1 0.00
61 2 [3] 1 0.00
61 2 [3] 1 0.00
61 9 [0] 3 0.00
61 2 [3] 1 0.00
61 9 [0] 3 0.00
61 9 [0] 3 0.00
61 6 [2] 3 0.01
61 8 [0, 1] 1 0.00
62 9 [0] 3 0.01
62 2 [3] 1 0.01
62 9 [0] 3 0.01
62 9 [0] 3 0.00
62 2 [3] 1 0.00
62 0 [0, 1, 3] 1 0.00
63 3 [2, 3] 0 0.00
63 9 [0] 3 0.01
63 2 [3] 1 0.00
63 2 [3] 1 0.00
63 2 [3] 1 0.00
63 2 [3] 1 0.00
63 2 [3] 1 0.00
63 6 [2] 3 0.00
63 8 [0, 1] 1 0.00
64 6 [2] 3 0.02
64 2 [3] 1 0.00
64 2 [3] 1 0.00
64 6 [2] 3 0.00
64 3 [2, 3] 2 0.00
65 6 [2] 3 0.01
65 2 [3] 1 0.01
65 3 [2, 3] 0 0.01
65 6 [2] 3 0.00
65 9 [0] 3 0.00
65 2 [3] 1 0.00
65 6 [2] 2 0.00
66 3 [2, 3] 0 0.00
66 9 [0] 3 0.00
66 9 [0] 0 0.00
67 3 [2, 3] 0 0.03
67 9 [0] 3 0.01
67 9 [0] 3 0.00
67 3 [2, 3] 0 0.00
67 2 [3] 1 0.00
67 1 [1] 0 0.00
67 2 [3] 1 0.00
67 5 [0, 2, 3] 3 0.00
68 2 [3] 1 0.00
68 6 [2] 3 0.00
68 2 [3] 1 0.01
68 2 [3] 1 0.01
68 9 [0] 3 0.01
68 9 [0] 3 0.00
68 2 [3] 1 0.01
68 9 [0] 3 0.01
68 2 [3] 2 0.00
68 9 [0] 0 0.00
69 2 [3] 1 0.00
69 2 [3] 1 0.00
69 6 [2] 3 0.00
69 2 [3] 1 0.00
69 2 [3] 1 0.00
69 2 [3] 1 0.00
69 6 [2] 3 0.00
69 6 [2] 3 0.00
69 1 [1] 1 0.00
70 3 [2, 3] 0 0.00
70 3 [2, 3] 0 0.00
70 2 [3] 1 0.00
70 2 [3] 1 0.00
70 9 [0] 3 0.01
70 2 [3] 1 0.01
70 2 [3] 1 0.01
70 2 [3] 1 0.01
70 2 [3] 1 0.01
70 2 [3] 1 0.01
70 3 [2, 3] 2 0.01
71 6 [2] 3 0.00
71 2 [3] 1 0.00
71 6 [2] 3 0.00
71 2 [3] 1 0.00
71 9 [0] 3 0.01
71 2 [3] 1 0.01
71 2 [3] 1 0.01
71 2 [3] 1 0.00
71 2 [3] 1 0.00
71 9 [0] 3 0.01
71 9 [0] 0 0.01
72 2 [3] 1 0.00
72 2 [3] 1 0.00
72 9 [0] 3 0.00
72 2 [3] 1 0.00
72 9 [0] 0 0.00
73 9 [0] 3 0.00
73 1 [1] 0 0.00
73 2 [3] 1 0.00
73 7 [0, 3] 1 0.00
73 2 [3] 1 0.00
73 1 [1] 1 0.00
74 2 [3] 1 0.00
74 9 [0] 3 0.00
74 2 [3] 2 0.01
74 3 [2, 3] 0 0.01
74 2 [3] 1 0.01
74 9 [0] 3 0.01
74 6 [2] 3 0.01
74 2 [3] 1 0.00
74 5 [0, 2, 3] 0 0.00
75 9 [0] 3 0.00
75 6 [2] 3 0.01
75 9 [0] 3 0.01
75 2 [3] 1 0.01
75 2 [3] 1 0.01
75 9 [0] 3 0.01
75 2 [3] 1 0.01
75 2 [3] 3 0.00
76 6 [2] 3 0.01
76 2 [3] 1 0.02
76 9 [0] 3 0.03
76 6 [2] 3 0.01
76 2 [3] 1 0.00
76 4 [1, 2] 2 0.00
77 2 [3] 1 0.00
77 2 [3] 1 0.00
77 2 [3] 1 0.00
77 1 [1] 1 0.00
78 2 [3] 1 0.00
78 2 [3] 2 0.00
78 2 [3] 1 0.00
78 6 [2] 3 0.00
78 6 [2] 3 0.00
78 5 [0, 2, 3] 2 0.00
79 7 [0, 3] 1 0.01
79 6 [2] 3 0.01
79 2 [3] 1 0.00
79 2 [3] 2 0.00
79 2 [3] 1 0.00
79 2 [3] 1 0.00
79 2 [3] 1 0.01
79 3 [2, 3] 0 0.00
79 1 [1] 0 0.00
80 2 [3] 1 0.03
80 2 [3] 1 0.01
80 6 [2] 1 0.01
80 6 [2] 1 0.01
80 3 [2, 3] 0 0.01
80 2 [3] 1 0.01
80 2 [3] 2 0.01
80 2 [3] 1 0.01
80 2 [3] 1 0.01
80 6 [2] 3 0.01
80 7 [0, 3] 1 0.01
80 2 [3] 1 0.01
81 6 [2] 3 0.01
81 2 [3] 1 0.01
81 2 [3] 2 0.00
81 2 [3] 1 0.00
81 2 [3] 1 0.00
81 6 [2] 3 0.00
81 3 [2, 3] 2 0.00
82 2 [3] 1 0.00
82 2 [3] 1 0.00
82 2 [3] 1 0.01
82 2 [3] 1 0.01
82 2 [3] 1 0.01
82 2 [3] 2 0.01
82 2 [3] 1 0.01
82 2 [3] 1 0.00
82 8 [0, 1] 0 0.00
83 2 [3] 1 0.02
83 2 [3] 2 0.01
83 2 [3] 1 0.01
83 2 [3] 1 0.01
83 3 [2, 3] 0 0.00
83 2 [3] 1 0.01
83 2 [3] 1 0.01
83 6 [2] 3 0.01
83 6 [2] 3 0.01
83 2 [3] 1 0.01
83 2 [3] 3 0.01
84 2 [3] 1 0.00
84 7 [0, 3] 1 0.00
84 2 [3] 1 0.00
84 2 [3] 1 0.00
84 2 [3] 1 0.00
84 2 [3] 1 0.01
84 2 [3] 1 0.01
84 2 [3] 1 0.01
84 2 [3] 1 0.01
84 2 [3] 1 0.01
84 6 [2] 3 0.01
84 2 [3] 1 0.01
84 2 [3] 1 0.01
84 3 [2, 3] 2 0.01
85 2 [3] 1 0.00
85 7 [0, 3] 1 0.00
85 2 [3] 2 0.00
85 6 [2] 3 0.00
85 2 [3] 3 0.00
86 6 [2] 3 0.01
86 7 [0, 3] 1 0.00
86 9 [0] 3 0.00
86 6 [2] 3 0.00
86 6 [2] 3 0.00
86 2 [3] 1 0.00
86 9 [0] 0 0.00
87 2 [3] 1 0.00
87 2 [3] 1 0.00
87 2 [3] 1 0.00
87 2 [3] 1 0.00
87 2 [3] 1 0.00
87 3 [2, 3] 2 0.00
88 2 [3] 1 0.03
88 1 [1] 0 0.06
88 7 [0, 3] 1 0.05
88 7 [0, 3] 1 0.01
88 2 [3] 1 0.01
88 2 [3] 2 0.01
88 2 [3] 1 0.01
88 6 [2] 3 0.01
88 9 [0] 3 0.00
88 2 [3] 1 0.01
88 9 [0] 0 0.01
89 6 [2] 3 0.00
89 1 [1] 0 0.01
89 2 [3] 1 0.01
89 2 [3] 1 0.01
89 6 [2] 3 0.01
89 2 [3] 1 0.01
89 2 [3] 1 0.01
89 2 [3] 1 0.01
89 2 [3] 2 0.01
89 9 [0] 3 0.01
89 2 [3] 1 0.01
89 5 [0, 2, 3] 2 0.01
90 9 [0] 3 0.02
90 2 [3] 1 0.00
90 2 [3] 1 0.00
90 2 [3] 1 0.00
90 9 [0] 3 0.00
90 4 [1, 2] 2 0.00
91 6 [2] 3 0.01
91 9 [0] 3 0.01
91 9 [0] 3 0.01
91 2 [3] 1 0.00
91 2 [3] 1 0.01
91 6 [2] 1 0.01
91 2 [3] 1 0.01
91 2 [3] 1 0.01
91 2 [3] 1 0.00
91 5 [0, 2, 3] 2 0.00
92 6 [2] 3 0.01
92 2 [3] 1 0.01
92 2 [3] 1 0.01
92 6 [2] 3 0.00
92 2 [3] 1 0.00
92 1 [1] 1 0.00
93 9 [0] 3 0.00
93 7 [0, 3] 1 0.00
93 2 [3] 1 0.00
93 2 [3] 1 0.00
93 2 [3] 2 0.00
93 2 [3] 2 0.00
93 6 [2] 3 0.00
93 2 [3] 1 0.00
93 4 [1, 2] 2 0.00
94 2 [3] 1 0.00
94 6 [2] 3 0.00
94 9 [0] 3 0.01
94 9 [0] 3 0.01
94 1 [1] 0 0.01
94 2 [3] 1 0.01
94 2 [3] 1 0.01
94 2 [3] 1 0.01
94 7 [0, 3] 0 0.00
95 9 [0] 3 0.01
95 9 [0] 3 0.01
95 2 [3] 1 0.01
95 2 [3] 1 0.01
95 2 [3] 1 0.01
95 2 [3] 1 0.01
95 2 [3] 1 0.01
95 5 [0, 2, 3] 2 0.00
96 2 [3] 1 0.00
96 8 [0, 1] 3 0.00
96 2 [3] 2 0.00
96 2 [3] 1 0.00
96 2 [3] 1 0.01
96 2 [3] 1 0.00
96 2 [3] 2 0.00
96 2 [3] 1 0.00
96 1 [1] 1 0.00
97 2 [3] 1 0.01
97 2 [3] 1 0.01
97 1 [1] 0 0.01
97 7 [0, 3] 1 0.01
97 2 [3] 1 0.01
97 2 [3] 1 0.01
97 2 [3] 1 0.01
97 2 [3] 1 0.01
97 6 [2] 3 0.01
97 2 [3] 1 0.01
97 2 [3] 1 0.01
97 2 [3] 1 0.01
97 6 [2] 2 0.01
98 2 [3] 1 0.00
98 2 [3] 1 0.00
98 9 [0] 3 0.01
98 2 [3] 2 0.01
98 2 [3] 1 0.01
98 2 [3] 1 0.01
98 2 [3] 1 0.01
98 2 [3] 1 0.01
98 2 [3] 1 0.01
98 2 [3] 1 0.01
98 9 [0] 0 0.01
99 2 [3] 1 0.01
99 2 [3] 1 0.01
99 2 [3] 1 0.01
99 9 [0] 3 0.01
99 2 [3] 1 0.01
99 2 [3] 1 0.01
99 2 [3] 2 0.01
99 2 [3] 1 0.01
99 2 [3] 1 0.01
99 2 [3] 1 0.01
99 2 [3] 1 0.01
99 2 [3] 1 0.01
99 2 [3] 1 0.01
99 6 [2] 3 0.01
99 2 [3] 1 0.01
99 6 [2] 2 0.01
100 2 [3] 1 0.03
100 2 [3] 1 0.01
100 2 [3] 1 0.01
100 1 [1] 0 0.01
100 2 [3] 2 0.01
100 2 [3] 1 0.01
100 2 [3] 1 0.01
100 2 [3] 1 0.01
100 3 [2, 3] 0 0.01
100 2 [3] 1 0.01
100 1 [1] 0 0.01
100 2 [3] 2 0.01
100 3 [2, 3] 2 0.01
