1 9 [1] 2 0.04
1 5 [2] 2 0.00
2 9 [1] 1 0.00
3 9 [1] 2 0.00
3 7 [3] 3 0.00
4 9 [1] 2 0.00
4 7 [3] 3 0.00
5 3 [1] 1 0.00
6 9 [1] 1 0.00
7 9 [1] 2 0.00
7 9 [1] 2 0.00
7 2 [0] 0 0.00
8 0 [2] 2 0.00
9 5 [2] 1 0.00
9 2 [0] 0 0.00
10 3 [1] 1 0.00
11 9 [1] 2 0.08
11 5 [2] 1 0.05
11 4 [1] 1 0.00
12 6 [0] 0 0.00
13 1 [0] 0 0.00
14 4 [1] 1 0.00
15 0 [2] 2 0.00
16 5 [2] 2 0.00
17 9 [1] 1 0.00
18 4 [1] 1 0.00
19 7 [3] 3 0.00
20 8 [3] 3 0.00
21 7 [3] 3 0.00
22 4 [1] 1 0.00
23 9 [1] 1 0.00
24 1 [0] 0 0.00
25 1 [0] 0 0.00
26 9 [1] 1 0.00
27 8 [3] 3 0.00
28 2 [0] 0 0.00
29 1 [0] 0 0.00
30 4 [1] 1 0.00
31 0 [2] 2 0.00
32 1 [0] 0 0.00
33 2 [0] 0 0.00
34 2 [0] 0 0.00
35 8 [3] 3 0.00
36 3 [1] 1 0.00
37 2 [0] 0 0.00
38 8 [3] 3 0.00
39 4 [1] 1 0.00
40 5 [2] 2 0.00
41 7 [3] 3 0.00
42 1 [0] 0 0.00
43 6 [0] 0 0.00
44 5 [2] 2 0.00
45 9 [1] 1 0.00
46 6 [0] 0 0.00
47 8 [3] 3 0.00
48 6 [0] 0 0.00
49 7 [3] 3 0.00
50 9 [1] 1 0.00
51 2 [0] 0 0.00
52 7 [3] 3 0.00
53 1 [0] 0 0.00
54 1 [0] 0 0.00
55 4 [1] 1 0.00
56 4 [1] 1 0.00
57 9 [1] 1 0.00
58 3 [1] 1 0.00
59 0 [2] 2 0.00
60 7 [3] 3 0.00
61 9 [1] 1 0.00
62 5 [2] 2 0.00
63 4 [1] 1 0.00
64 0 [2] 2 0.00
65 9 [1] 1 0.00
66 6 [0] 0 0.00
67 8 [3] 3 0.00
68 3 [1] 1 0.00
69 5 [2] 2 0.00
70 1 [0] 0 0.00
71 0 [2] 2 0.00
72 3 [1] 1 0.00
73 1 [0] 0 0.00
74 5 [2] 2 0.00
75 3 [1] 1 0.00
76 3 [1] 1 0.00
77 2 [0] 0 0.00
78 3 [1] 1 0.00
79 6 [0] 0 0.00
80 4 [1] 1 0.00
81 2 [0] 0 0.00
82 7 [3] 3 0.00
83 7 [3] 3 0.00
84 1 [0] 0 0.00
85 9 [1] 1 0.00
86 6 [0] 0 0.00
87 8 [3] 3 0.00
88 4 [1] 1 0.00
89 8 [3] 3 0.00
90 3 [1] 1 0.00
91 4 [1] 1 0.00
92 3 [1] 1 0.00
93 7 [3] 3 0.00
94 0 [2] 2 0.00
95 0 [2] 2 0.00
96 1 [0] 0 0.00
97 1 [0] 0 0.00
98 3 [1] 1 0.00
99 2 [0] 0 0.00
100 8 [3] 3 0.00
