1 4 [0, 2, 3] 1 0.01
1 4 [0, 2, 3] 1 0.02
1 3 [0, 3] 1 0.03
1 7 [1] 0 0.02
1 7 [1] 0 0.03
1 7 [1] 0 0.03
1 1 [1, 3] 0 0.02
1 1 [1, 3] 0 0.03
1 1 [1, 3] 2 0.03
1 1 [1, 3] 2 0.03
1 7 [1] 0 0.02
1 7 [1] 0 0.02
1 1 [1, 3] 2 0.01
1 7 [1] 1 0.01
2 3 [0, 3] 1 0.03
2 9 [2, 3] 0 0.02
2 1 [1, 3] 2 0.01
2 3 [0, 3] 1 0.01
2 1 [1, 3] 2 0.01
2 3 [0, 3] 1 0.01
2 3 [0, 3] 1 0.01
2 4 [0, 2, 3] 1 0.01
2 4 [0, 2, 3] 1 0.01
2 4 [0, 2, 3] 1 0.01
2 4 [0, 2, 3] 1 0.01
2 3 [0, 3] 1 0.01
2 3 [0, 3] 1 0.01
2 3 [0, 3] 1 0.01
2 0 [2, 3] 1 0.01
2 3 [0, 3] 1 0.01
2 3 [0, 3] 1 0.01
2 4 [0, 2, 3] 1 0.01
2 3 [0, 3] 1 0.01
2 4 [0, 2, 3] 1 0.01
2 3 [0, 3] 1 0.01
2 9 [2, 3] 1 0.01
2 9 [2, 3] 3 0.01
3 3 [0, 3] 1 0.02
3 3 [0, 3] 1 0.03
3 1 [1, 3] 2 0.01
3 9 [2, 3] 0 0.01
3 3 [0, 3] 1 0.02
3 4 [0, 2, 3] 1 0.02
3 3 [0, 3] 1 0.02
3 9 [2, 3] 1 0.02
3 3 [0, 3] 1 0.02
3 3 [0, 3] 1 0.02
3 3 [0, 3] 1 0.02
3 1 [1, 3] 2 0.02
3 9 [2, 3] 0 0.02
3 3 [0, 3] 1 0.02
3 4 [0, 2, 3] 1 0.02
3 3 [0, 3] 1 0.02
3 0 [2, 3] 1 0.02
3 0 [2, 3] 1 0.02
3 0 [2, 3] 1 0.02
3 1 [1, 3] 2 0.02
3 3 [0, 3] 1 0.02
3 0 [2, 3] 1 0.02
3 3 [0, 3] 1 0.02
3 9 [2, 3] 1 0.02
3 3 [0, 3] 1 0.02
3 3 [0, 3] 1 0.02
3 3 [0, 3] 1 0.02
3 4 [0, 2, 3] 1 0.02
3 3 [0, 3] 1 0.02
3 9 [2, 3] 1 0.02
3 3 [0, 3] 2 0.02
3 3 [0, 3] 1 0.02
3 9 [2, 3] 0 0.02
3 0 [2, 3] 1 0.02
3 4 [0, 2, 3] 1 0.02
3 0 [2, 3] 1 0.02
3 9 [2, 3] 1 0.02
3 0 [2, 3] 1 0.02
3 9 [2, 3] 1 0.02
3 3 [0, 3] 1 0.02
3 3 [0, 3] 1 0.02
3 3 [0, 3] 1 0.02
3 0 [2, 3] 1 0.02
3 5 [0, 1, 3] 1 0.02
4 9 [2, 3] 0 0.01
4 9 [2, 3] 0 0.01
4 0 [2, 3] 1 0.02
4 0 [2, 3] 1 0.02
4 9 [2, 3] 1 0.02
4 3 [0, 3] 1 0.01
4 4 [0, 2, 3] 1 0.01
4 0 [2, 3] 1 0.01
4 3 [0, 3] 1 0.01
4 4 [0, 2, 3] 1 0.01
4 0 [2, 3] 1 0.01
4 9 [2, 3] 0 0.01
4 3 [0, 3] 1 0.02
4 3 [0, 3] 1 0.02
4 3 [0, 3] 1 0.02
4 4 [0, 2, 3] 1 0.02
4 0 [2, 3] 1 0.02
4 0 [2, 3] 1 0.01
4 4 [0, 2, 3] 1 0.02
4 1 [1, 3] 2 0.01
4 1 [1, 3] 2 0.02
4 0 [2, 3] 1 0.02
4 1 [1, 3] 2 0.02
4 9 [2, 3] 0 0.02
4 3 [0, 3] 2 0.02
4 9 [2, 3] 0 0.02
4 0 [2, 3] 1 0.02
4 7 [1] 3 0.02
4 1 [1, 3] 2 0.02
4 9 [2, 3] 1 0.02
4 7 [1] 0 0.02
4 9 [2, 3] 1 0.02
4 7 [1] 0 0.02
4 7 [1] 0 0.02
4 7 [1] 0 0.02
4 7 [1] 3 0.02
4 0 [2, 3] 1 0.02
4 4 [0, 2, 3] 1 0.02
4 5 [0, 1, 3] 0 0.02
5 1 [1, 3] 2 0.04
5 3 [0, 3] 1 0.04
5 3 [0, 3] 1 0.04
5 3 [0, 3] 1 0.04
5 9 [2, 3] 1 0.03
5 7 [1] 0 0.02
5 0 [2, 3] 1 0.02
5 1 [1, 3] 2 0.02
5 1 [1, 3] 2 0.02
5 1 [1, 3] 2 0.03
5 7 [1] 0 0.02
5 1 [1, 3] 2 0.02
5 1 [1, 3] 2 0.03
5 1 [1, 3] 2 0.03
5 1 [1, 3] 0 0.03
5 7 [1] 0 0.03
5 1 [1, 3] 2 0.03
5 0 [2, 3] 1 0.03
5 7 [1] 3 0.03
5 9 [2, 3] 0 0.02
5 9 [2, 3] 0 0.02
5 9 [2, 3] 0 0.03
5 9 [2, 3] 0 0.02
5 9 [2, 3] 1 0.02
5 7 [1] 3 0.02
5 3 [0, 3] 1 0.02
5 0 [2, 3] 1 0.02
5 3 [0, 3] 1 0.02
5 9 [2, 3] 1 0.02
5 7 [1] 0 0.02
5 1 [1, 3] 2 0.02
5 1 [1, 3] 2 0.02
5 1 [1, 3] 2 0.02
5 7 [1] 0 0.02
5 9 [2, 3] 0 0.02
5 0 [2, 3] 1 0.02
5 0 [2, 3] 1 0.02
5 4 [0, 2, 3] 1 0.02
5 4 [0, 2, 3] 1 0.02
5 3 [0, 3] 1 0.02
5 9 [2, 3] 3 0.02
6 1 [1, 3] 2 0.03
6 1 [1, 3] 2 0.07
6 1 [1, 3] 2 0.09
6 1 [1, 3] 2 0.11
6 1 [1, 3] 2 0.07
6 0 [2, 3] 1 0.06
6 1 [1, 3] 2 0.05
6 1 [1, 3] 2 0.06
6 7 [1] 0 0.06
6 1 [1, 3] 2 0.04
6 1 [1, 3] 2 0.05
6 1 [1, 3] 2 0.05
6 7 [1] 3 0.06
6 9 [2, 3] 0 0.05
6 4 [0, 2, 3] 1 0.05
6 7 [1] 0 0.03
6 1 [1, 3] 2 0.03
6 1 [1, 3] 2 0.04
6 0 [2, 3] 1 0.04
6 3 [0, 3] 1 0.03
6 7 [1] 3 0.03
6 0 [2, 3] 1 0.03
6 7 [1] 0 0.03
6 0 [2, 3] 1 0.03
6 0 [2, 3] 1 0.03
6 3 [0, 3] 1 0.03
6 7 [1] 3 0.03
6 0 [2, 3] 1 0.03
6 3 [0, 3] 1 0.03
6 0 [2, 3] 1 0.03
6 0 [2, 3] 1 0.03
6 7 [1] 3 0.03
6 4 [0, 2, 3] 1 0.03
6 9 [2, 3] 0 0.03
6 7 [1] 0 0.03
6 3 [0, 3] 1 0.03
6 3 [0, 3] 1 0.03
6 3 [0, 3] 1 0.03
6 0 [2, 3] 1 0.03
6 4 [0, 2, 3] 1 0.03
6 1 [1, 3] 2 0.03
6 7 [1] 3 0.02
6 0 [2, 3] 1 0.02
6 0 [2, 3] 1 0.02
6 3 [0, 3] 1 0.02
6 3 [0, 3] 1 0.02
6 0 [2, 3] 1 0.02
6 0 [2, 3] 1 0.02
6 1 [1, 3] 1 0.02
7 1 [1, 3] 2 0.02
7 1 [1, 3] 2 0.02
7 4 [0, 2, 3] 1 0.02
7 9 [2, 3] 1 0.02
7 3 [0, 3] 1 0.03
7 4 [0, 2, 3] 1 0.03
7 1 [1, 3] 2 0.03
7 1 [1, 3] 2 0.03
7 1 [1, 3] 2 0.03
7 3 [0, 3] 1 0.03
7 9 [2, 3] 0 0.04
7 7 [1] 0 0.04
7 7 [1] 0 0.04
7 7 [1] 0 0.04
7 0 [2, 3] 1 0.05
7 9 [2, 3] 0 0.05
7 3 [0, 3] 1 0.05
7 0 [2, 3] 1 0.05
7 4 [0, 2, 3] 1 0.03
7 7 [1] 3 0.03
7 7 [1] 3 0.03
7 1 [1, 3] 2 0.03
7 1 [1, 3] 2 0.03
7 7 [1] 0 0.03
7 3 [0, 3] 1 0.03
7 9 [2, 3] 1 0.03
7 4 [0, 2, 3] 1 0.03
7 3 [0, 3] 1 0.03
7 7 [1] 0 0.03
7 7 [1] 3 0.03
7 0 [2, 3] 1 0.03
7 0 [2, 3] 1 0.03
7 7 [1] 0 0.03
7 1 [1, 3] 2 0.03
7 7 [1] 0 0.03
7 7 [1] 3 0.03
7 7 [1] 3 0.03
7 3 [0, 3] 1 0.03
7 3 [0, 3] 1 0.03
7 3 [0, 3] 1 0.03
7 1 [1, 3] 2 0.03
7 1 [1, 3] 2 0.03
7 7 [1] 0 0.03
7 1 [1, 3] 2 0.03
7 7 [1] 0 0.03
7 1 [1, 3] 2 0.03
7 1 [1, 3] 2 0.03
7 1 [1, 3] 2 0.03
7 9 [2, 3] 1 0.03
7 0 [2, 3] 1 0.03
7 0 [2, 3] 1 0.03
7 0 [2, 3] 1 0.03
7 1 [1, 3] 2 0.03
7 3 [0, 3] 1 0.03
7 7 [1] 0 0.03
7 7 [1] 3 0.03
7 2 [0, 2, 3] 0 0.03
8 1 [1, 3] 2 0.04
8 7 [1] 3 0.03
8 3 [0, 3] 1 0.03
8 1 [1, 3] 2 0.03
8 1 [1, 3] 2 0.04
8 1 [1, 3] 2 0.04
8 0 [2, 3] 1 0.05
8 9 [2, 3] 0 0.05
8 0 [2, 3] 1 0.03
8 1 [1, 3] 2 0.03
8 1 [1, 3] 2 0.03
8 1 [1, 3] 2 0.03
8 7 [1] 0 0.03
8 7 [1] 0 0.03
8 0 [2, 3] 1 0.03
8 4 [0, 2, 3] 1 0.03
8 0 [2, 3] 1 0.03
8 4 [0, 2, 3] 1 0.04
8 0 [2, 3] 1 0.04
8 3 [0, 3] 1 0.04
8 3 [0, 3] 1 0.04
8 0 [2, 3] 1 0.04
8 1 [1, 3] 2 0.03
8 3 [0, 3] 1 0.04
8 3 [0, 3] 1 0.04
8 1 [1, 3] 2 0.03
8 7 [1] 3 0.03
8 1 [1, 3] 2 0.03
8 0 [2, 3] 1 0.03
8 0 [2, 3] 1 0.03
8 5 [0, 1, 3] 2 0.03
8 0 [2, 3] 1 0.03
8 0 [2, 3] 1 0.03
8 9 [2, 3] 0 0.03
8 0 [2, 3] 1 0.03
8 9 [2, 3] 1 0.03
8 7 [1] 3 0.04
8 7 [1] 3 0.03
8 1 [1, 3] 2 0.03
8 3 [0, 3] 1 0.03
8 0 [2, 3] 1 0.03
8 4 [0, 2, 3] 1 0.03
8 3 [0, 3] 1 0.03
8 3 [0, 3] 1 0.03
8 3 [0, 3] 1 0.03
8 1 [1, 3] 2 0.03
8 1 [1, 3] 2 0.04
8 1 [1, 3] 2 0.04
8 9 [2, 3] 1 0.04
8 7 [1] 3 0.04
8 4 [0, 2, 3] 1 0.04
8 0 [2, 3] 1 0.04
8 1 [1, 3] 2 0.04
8 7 [1] 0 0.04
8 7 [1] 0 0.04
8 7 [1] 0 0.04
8 1 [1, 3] 2 0.04
8 7 [1] 0 0.04
8 3 [0, 3] 1 0.04
8 0 [2, 3] 1 0.04
8 1 [1, 3] 2 0.04
8 1 [1, 3] 2 0.04
8 1 [1, 3] 2 0.04
8 7 [1] 3 0.04
8 7 [1] 0 0.04
8 1 [1, 3] 0 0.04
8 7 [1] 3 0.04
8 7 [1] 3 0.04
8 9 [2, 3] 0 0.04
8 4 [0, 2, 3] 1 0.04
8 3 [0, 3] 1 0.04
8 4 [0, 2, 3] 1 0.04
8 5 [0, 1, 3] 1 0.04
9 0 [2, 3] 1 0.01
9 3 [0, 3] 1 0.01
9 9 [2, 3] 0 0.01
9 3 [0, 3] 1 0.01
9 3 [0, 3] 1 0.02
9 3 [0, 3] 1 0.02
9 3 [0, 3] 1 0.03
9 4 [0, 2, 3] 1 0.03
9 9 [2, 3] 0 0.03
9 7 [1] 0 0.03
9 7 [1] 3 0.04
9 0 [2, 3] 1 0.04
9 7 [1] 0 0.04
9 1 [1, 3] 2 0.04
9 7 [1] 0 0.04
9 3 [0, 3] 1 0.04
9 3 [0, 3] 1 0.04
9 9 [2, 3] 1 0.04
9 9 [2, 3] 1 0.04
9 4 [0, 2, 3] 1 0.04
9 3 [0, 3] 1 0.04
9 4 [0, 2, 3] 1 0.04
9 9 [2, 3] 0 0.04
9 9 [2, 3] 1 0.04
9 1 [1, 3] 2 0.04
9 3 [0, 3] 1 0.04
9 1 [1, 3] 2 0.04
9 9 [2, 3] 0 0.04
9 4 [0, 2, 3] 1 0.04
9 0 [2, 3] 1 0.04
9 7 [1] 0 0.04
9 7 [1] 0 0.04
9 7 [1] 0 0.04
9 4 [0, 2, 3] 1 0.04
9 0 [2, 3] 1 0.04
9 1 [1, 3] 2 0.04
9 1 [1, 3] 2 0.04
9 1 [1, 3] 2 0.04
9 1 [1, 3] 2 0.04
9 3 [0, 3] 1 0.04
9 4 [0, 2, 3] 1 0.04
9 3 [0, 3] 1 0.05
9 3 [0, 3] 1 0.05
9 7 [1] 0 0.05
9 0 [2, 3] 1 0.04
9 0 [2, 3] 1 0.04
9 1 [1, 3] 2 0.04
9 3 [0, 3] 1 0.04
9 1 [1, 3] 2 0.04
9 1 [1, 3] 2 0.04
9 1 [1, 3] 0 0.04
9 9 [2, 3] 1 0.04
9 0 [2, 3] 1 0.04
9 1 [1, 3] 2 0.04
9 1 [1, 3] 2 0.04
9 1 [1, 3] 2 0.04
9 9 [2, 3] 0 0.04
9 9 [2, 3] 0 0.04
9 1 [1, 3] 2 0.04
9 7 [1] 3 0.04
9 4 [0, 2, 3] 1 0.04
9 4 [0, 2, 3] 1 0.04
9 3 [0, 3] 1 0.04
9 0 [2, 3] 1 0.04
9 7 [1] 0 0.04
9 7 [1] 0 0.04
9 9 [2, 3] 1 0.04
9 3 [0, 3] 1 0.04
9 7 [1] 0 0.04
9 7 [1] 0 0.04
9 0 [2, 3] 1 0.04
9 3 [0, 3] 1 0.04
9 8 [0, 1, 2] 0 0.04
10 0 [2, 3] 1 0.01
10 0 [2, 3] 1 0.03
10 3 [0, 3] 1 0.04
10 3 [0, 3] 1 0.05
10 3 [0, 3] 1 0.06
10 7 [1] 0 0.04
10 3 [0, 3] 1 0.03
10 3 [0, 3] 1 0.03
10 7 [1] 3 0.03
10 4 [0, 2, 3] 1 0.03
10 7 [1] 0 0.03
10 3 [0, 3] 1 0.02
10 7 [1] 0 0.02
10 1 [1, 3] 2 0.03
10 1 [1, 3] 2 0.03
10 9 [2, 3] 1 0.02
10 9 [2, 3] 0 0.02
10 7 [1] 3 0.02
10 7 [1] 0 0.02
10 7 [1] 0 0.02
10 0 [2, 3] 1 0.02
10 0 [2, 3] 1 0.02
10 9 [2, 3] 1 0.02
10 4 [0, 2, 3] 1 0.02
10 0 [2, 3] 1 0.02
10 0 [2, 3] 1 0.03
10 3 [0, 3] 1 0.03
10 3 [0, 3] 1 0.03
10 4 [0, 2, 3] 1 0.03
10 3 [0, 3] 2 0.03
10 7 [1] 0 0.03
10 7 [1] 0 0.03
10 7 [1] 0 0.03
10 7 [1] 3 0.03
10 0 [2, 3] 1 0.03
10 7 [1] 3 0.03
10 4 [0, 2, 3] 1 0.03
10 7 [1] 0 0.03
10 0 [2, 3] 1 0.03
10 3 [0, 3] 1 0.03
10 1 [1, 3] 0 0.03
10 0 [2, 3] 1 0.03
10 7 [1] 0 0.03
10 1 [1, 3] 2 0.03
10 7 [1] 0 0.03
10 0 [2, 3] 1 0.03
10 9 [2, 3] 0 0.03
10 1 [1, 3] 2 0.03
10 1 [1, 3] 2 0.03
10 1 [1, 3] 2 0.03
10 1 [1, 3] 2 0.03
10 0 [2, 3] 1 0.03
10 1 [1, 3] 2 0.03
10 1 [1, 3] 2 0.03
10 4 [0, 2, 3] 1 0.03
10 4 [0, 2, 3] 1 0.03
10 0 [2, 3] 1 0.04
10 7 [1] 3 0.03
10 7 [1] 3 0.04
10 7 [1] 3 0.04
10 9 [2, 3] 1 0.04
10 7 [1] 3 0.04
10 7 [1] 0 0.04
10 7 [1] 0 0.04
10 7 [1] 0 0.04
10 1 [1, 3] 2 0.04
10 9 [2, 3] 1 0.04
10 7 [1] 3 0.04
10 3 [0, 3] 1 0.03
10 5 [0, 1, 3] 1 0.03
11 1 [1, 3] 2 0.03
11 9 [2, 3] 0 0.02
11 0 [2, 3] 1 0.02
11 3 [0, 3] 1 0.03
11 3 [0, 3] 1 0.03
11 0 [2, 3] 1 0.03
11 0 [2, 3] 1 0.04
11 7 [1] 0 0.04
11 0 [2, 3] 0 0.04
11 3 [0, 3] 1 0.05
11 7 [1] 3 0.05
11 1 [1, 3] 2 0.04
11 7 [1] 0 0.04
11 0 [2, 3] 1 0.04
11 4 [0, 2, 3] 1 0.04
11 1 [1, 3] 2 0.04
11 1 [1, 3] 2 0.04
11 7 [1] 0 0.04
11 7 [1] 0 0.04
11 1 [1, 3] 0 0.03
11 1 [1, 3] 0 0.03
11 7 [1] 3 0.03
11 7 [1] 3 0.03
11 3 [0, 3] 1 0.03
11 4 [0, 2, 3] 1 0.04
11 7 [1] 0 0.04
11 1 [1, 3] 2 0.04
11 7 [1] 0 0.04
11 7 [1] 0 0.04
11 7 [1] 0 0.03
11 1 [1, 3] 0 0.04
11 7 [1] 0 0.04
11 1 [1, 3] 2 0.04
11 7 [1] 3 0.04
11 1 [1, 3] 2 0.04
11 1 [1, 3] 2 0.04
11 0 [2, 3] 1 0.04
11 7 [1] 0 0.04
11 0 [2, 3] 1 0.04
11 9 [2, 3] 1 0.04
11 7 [1] 3 0.04
11 7 [1] 3 0.04
11 7 [1] 3 0.04
11 7 [1] 0 0.04
11 3 [0, 3] 1 0.03
11 1 [1, 3] 2 0.04
11 7 [1] 3 0.04
11 7 [1] 0 0.03
11 3 [0, 3] 1 0.03
11 9 [2, 3] 0 0.04
11 3 [0, 3] 1 0.04
11 0 [2, 3] 1 0.03
11 4 [0, 2, 3] 1 0.03
11 7 [1] 3 0.03
11 7 [1] 3 0.03
11 0 [2, 3] 0 0.03
11 4 [0, 2, 3] 1 0.03
11 9 [2, 3] 1 0.03
11 7 [1] 0 0.03
11 7 [1] 3 0.03
11 0 [2, 3] 1 0.03
11 0 [2, 3] 1 0.03
11 0 [2, 3] 1 0.03
11 1 [1, 3] 2 0.04
11 1 [1, 3] 2 0.04
11 1 [1, 3] 2 0.04
11 3 [0, 3] 1 0.04
11 1 [1, 3] 2 0.04
11 1 [1, 3] 2 0.04
11 1 [1, 3] 2 0.04
11 3 [0, 3] 0 0.04
12 0 [2, 3] 1 0.03
12 4 [0, 2, 3] 1 0.04
12 0 [2, 3] 1 0.04
12 7 [1] 0 0.04
12 1 [1, 3] 2 0.04
12 1 [1, 3] 2 0.04
12 9 [2, 3] 0 0.05
12 1 [1, 3] 2 0.06
12 3 [0, 3] 1 0.06
12 3 [0, 3] 1 0.05
12 0 [2, 3] 1 0.05
12 0 [2, 3] 1 0.06
12 0 [2, 3] 1 0.06
12 3 [0, 3] 1 0.06
12 1 [1, 3] 2 0.06
12 1 [1, 3] 2 0.07
12 7 [1] 3 0.06
12 5 [0, 1, 3] 2 0.05
12 7 [1] 0 0.05
12 7 [1] 3 0.05
12 1 [1, 3] 2 0.05
12 7 [1] 0 0.05
12 7 [1] 0 0.05
12 7 [1] 0 0.05
12 1 [1, 3] 2 0.05
12 7 [1] 0 0.05
12 0 [2, 3] 1 0.05
12 0 [2, 3] 1 0.05
12 0 [2, 3] 1 0.05
12 3 [0, 3] 1 0.05
12 0 [2, 3] 1 0.05
12 3 [0, 3] 1 0.05
12 0 [2, 3] 1 0.05
12 3 [0, 3] 1 0.05
12 7 [1] 0 0.05
12 7 [1] 3 0.05
12 0 [2, 3] 1 0.05
12 7 [1] 3 0.05
12 7 [1] 3 0.05
12 7 [1] 3 0.05
12 0 [2, 3] 1 0.05
12 7 [1] 3 0.05
12 0 [2, 3] 1 0.05
12 4 [0, 2, 3] 1 0.05
12 0 [2, 3] 1 0.05
12 3 [0, 3] 1 0.05
12 3 [0, 3] 1 0.06
12 9 [2, 3] 1 0.06
12 4 [0, 2, 3] 1 0.06
12 9 [2, 3] 1 0.06
12 3 [0, 3] 1 0.06
12 3 [0, 3] 1 0.06
12 7 [1] 0 0.06
12 1 [1, 3] 2 0.06
12 7 [1] 0 0.06
12 7 [1] 0 0.06
12 7 [1] 0 0.06
12 7 [1] 3 0.06
12 4 [0, 2, 3] 1 0.06
12 0 [2, 3] 0 0.06
12 7 [1] 3 0.06
12 7 [1] 0 0.06
12 1 [1, 3] 2 0.06
12 7 [1] 0 0.06
12 3 [0, 3] 1 0.06
12 7 [1] 0 0.06
12 4 [0, 2, 3] 1 0.06
12 9 [2, 3] 1 0.06
12 0 [2, 3] 1 0.06
12 7 [1] 3 0.06
12 1 [1, 3] 2 0.06
12 7 [1] 0 0.06
12 1 [1, 3] 2 0.06
12 3 [0, 3] 1 0.06
12 9 [2, 3] 0 0.06
12 7 [1] 3 0.06
12 7 [1] 0 0.06
12 3 [0, 3] 1 0.05
12 9 [2, 3] 0 0.05
12 0 [2, 3] 1 0.06
12 0 [2, 3] 1 0.06
12 1 [1, 3] 2 0.06
12 1 [1, 3] 2 0.06
12 1 [1, 3] 2 0.06
12 1 [1, 3] 2 0.06
12 7 [1] 0 0.06
12 1 [1, 3] 2 0.06
12 3 [0, 3] 1 0.05
12 0 [2, 3] 1 0.06
12 0 [2, 3] 1 0.06
12 1 [1, 3] 2 0.05
12 0 [2, 3] 1 0.05
12 0 [2, 3] 1 0.05
12 0 [2, 3] 1 0.05
12 0 [2, 3] 1 0.05
12 0 [2, 3] 1 0.05
12 1 [1, 3] 0 0.05
12 9 [2, 3] 1 0.05
12 0 [2, 3] 1 0.05
12 7 [1] 0 0.05
12 1 [1, 3] 2 0.05
12 7 [1] 0 0.05
12 7 [1] 0 0.05
12 3 [0, 3] 1 0.05
12 3 [0, 3] 1 0.05
12 6 [0, 1, 2] 0 0.05
13 7 [1] 0 0.01
13 1 [1, 3] 2 0.02
13 1 [1, 3] 2 0.02
13 1 [1, 3] 2 0.01
13 7 [1] 0 0.02
13 3 [0, 3] 1 0.02
13 3 [0, 3] 1 0.02
13 7 [1] 0 0.02
13 1 [1, 3] 2 0.02
13 3 [0, 3] 1 0.03
13 7 [1] 0 0.02
13 7 [1] 0 0.02
13 1 [1, 3] 2 0.02
13 1 [1, 3] 0 0.02
13 4 [0, 2, 3] 1 0.02
13 1 [1, 3] 0 0.03
13 7 [1] 0 0.03
13 7 [1] 0 0.03
13 1 [1, 3] 2 0.03
13 1 [1, 3] 2 0.03
13 0 [2, 3] 1 0.02
13 1 [1, 3] 2 0.03
13 3 [0, 3] 1 0.02
13 7 [1] 3 0.02
13 7 [1] 3 0.03
13 3 [0, 3] 1 0.03
13 3 [0, 3] 1 0.03
13 0 [2, 3] 1 0.03
13 3 [0, 3] 1 0.03
13 4 [0, 2, 3] 1 0.03
13 1 [1, 3] 2 0.02
13 7 [1] 0 0.02
13 0 [2, 3] 1 0.02
13 3 [0, 3] 1 0.02
13 3 [0, 3] 1 0.02
13 3 [0, 3] 1 0.02
13 4 [0, 2, 3] 1 0.02
13 3 [0, 3] 1 0.02
13 9 [2, 3] 3 0.02
14 3 [0, 3] 1 0.01
14 3 [0, 3] 1 0.01
14 3 [0, 3] 1 0.01
14 4 [0, 2, 3] 1 0.01
14 3 [0, 3] 1 0.01
14 4 [0, 2, 3] 1 0.01
14 3 [0, 3] 1 0.01
14 4 [0, 2, 3] 1 0.01
14 0 [2, 3] 1 0.01
14 0 [2, 3] 1 0.01
14 3 [0, 3] 1 0.01
14 3 [0, 3] 1 0.01
14 4 [0, 2, 3] 1 0.01
14 7 [1] 3 0.01
14 9 [2, 3] 0 0.01
14 3 [0, 3] 1 0.01
14 1 [1, 3] 2 0.01
14 3 [0, 3] 1 0.01
14 0 [2, 3] 2 0.01
15 1 [1, 3] 2 0.03
15 4 [0, 2, 3] 1 0.04
15 4 [0, 2, 3] 1 0.06
15 1 [1, 3] 2 0.04
15 3 [0, 3] 1 0.01
15 4 [0, 2, 3] 1 0.02
15 1 [1, 3] 2 0.01
15 1 [1, 3] 2 0.02
15 4 [0, 2, 3] 1 0.02
15 9 [2, 3] 0 0.01
15 3 [0, 3] 1 0.01
15 0 [2, 3] 1 0.01
15 0 [2, 3] 1 0.01
15 3 [0, 3] 1 0.01
15 3 [0, 3] 1 0.01
15 3 [0, 3] 0 0.01
16 0 [2, 3] 1 0.01
16 4 [0, 2, 3] 1 0.01
16 3 [0, 3] 1 0.02
16 3 [0, 3] 1 0.01
16 0 [2, 3] 1 0.01
16 3 [0, 3] 1 0.01
16 3 [0, 3] 1 0.01
16 0 [2, 3] 1 0.01
16 3 [0, 3] 1 0.01
16 0 [2, 3] 1 0.01
16 7 [1] 0 0.01
16 1 [1, 3] 1 0.01
17 3 [0, 3] 1 0.00
17 1 [1, 3] 2 0.00
17 1 [1, 3] 2 0.01
17 3 [0, 3] 1 0.01
17 3 [0, 3] 1 0.01
17 4 [0, 2, 3] 1 0.01
17 3 [0, 3] 1 0.00
17 0 [2, 3] 2 0.00
18 1 [1, 3] 2 0.00
18 0 [2, 3] 1 0.00
18 0 [2, 3] 1 0.00
18 0 [2, 3] 1 0.00
18 9 [2, 3] 3 0.00
19 4 [0, 2, 3] 1 0.00
19 3 [0, 3] 1 0.00
19 3 [0, 3] 0 0.00
20 0 [2, 3] 1 0.02
20 0 [2, 3] 1 0.01
20 3 [0, 3] 1 0.00
20 1 [1, 3] 1 0.00
21 3 [0, 3] 1 0.00
21 0 [2, 3] 1 0.00
21 5 [0, 1, 3] 3 0.00
22 3 [0, 3] 1 0.00
22 3 [0, 3] 1 0.00
22 7 [1] 1 0.00
23 0 [2, 3] 2 0.00
24 5 [0, 1, 3] 0 0.00
25 3 [0, 3] 1 0.00
25 7 [1] 0 0.00
25 0 [2, 3] 1 0.00
25 4 [0, 2, 3] 1 0.00
25 9 [2, 3] 3 0.00
26 3 [0, 3] 1 0.01
26 3 [0, 3] 1 0.01
26 0 [2, 3] 2 0.00
27 2 [0, 2, 3] 3 0.00
28 0 [2, 3] 1 0.04
28 4 [0, 2, 3] 1 0.06
28 0 [2, 3] 2 0.00
29 3 [0, 3] 1 0.04
29 3 [0, 3] 1 0.00
29 0 [2, 3] 3 0.00
30 3 [0, 3] 1 0.00
30 9 [2, 3] 3 0.00
31 0 [2, 3] 1 0.00
31 3 [0, 3] 3 0.00
32 0 [2, 3] 1 0.01
32 0 [2, 3] 1 0.01
32 0 [2, 3] 1 0.00
32 0 [2, 3] 3 0.00
33 4 [0, 2, 3] 1 0.00
33 6 [0, 1, 2] 0 0.00
34 3 [0, 3] 1 0.00
34 0 [2, 3] 1 0.00
34 4 [0, 2, 3] 0 0.00
35 5 [0, 1, 3] 1 0.00
36 0 [2, 3] 1 0.00
36 0 [2, 3] 1 0.00
36 0 [2, 3] 1 0.00
36 4 [0, 2, 3] 2 0.00
37 0 [2, 3] 1 0.03
37 0 [2, 3] 1 0.00
37 4 [0, 2, 3] 2 0.00
38 0 [2, 3] 1 0.00
38 7 [1] 1 0.00
39 3 [0, 3] 1 0.00
39 6 [0, 1, 2] 2 0.00
40 3 [0, 3] 1 0.00
40 1 [1, 3] 1 0.00
41 9 [2, 3] 3 0.00
42 3 [0, 3] 1 0.00
42 3 [0, 3] 1 0.00
42 9 [2, 3] 3 0.00
43 0 [2, 3] 1 0.00
43 3 [0, 3] 1 0.00
43 4 [0, 2, 3] 2 0.00
44 3 [0, 3] 1 0.00
44 6 [0, 1, 2] 1 0.00
45 4 [0, 2, 3] 1 0.00
45 6 [0, 1, 2] 2 0.00
46 5 [0, 1, 3] 0 0.00
47 0 [2, 3] 1 0.00
47 3 [0, 3] 0 0.00
48 8 [0, 1, 2] 2 0.00
49 7 [1] 1 0.00
50 0 [2, 3] 1 0.00
50 9 [2, 3] 3 0.00
51 6 [0, 1, 2] 0 0.00
52 7 [1] 1 0.00
53 0 [2, 3] 1 0.03
53 0 [2, 3] 1 0.05
53 2 [0, 2, 3] 0 0.00
54 4 [0, 2, 3] 1 0.00
54 7 [1] 1 0.00
55 9 [2, 3] 3 0.00
56 9 [2, 3] 3 0.00
57 0 [2, 3] 1 0.00
57 4 [0, 2, 3] 2 0.00
58 6 [0, 1, 2] 2 0.00
59 4 [0, 2, 3] 2 0.00
60 7 [1] 0 0.00
60 4 [0, 2, 3] 1 0.00
60 3 [0, 3] 0 0.00
61 8 [0, 1, 2] 2 0.00
62 4 [0, 2, 3] 2 0.00
63 3 [0, 3] 1 0.00
63 7 [1] 1 0.00
64 2 [0, 2, 3] 0 0.00
65 0 [2, 3] 1 0.01
65 7 [1] 1 0.00
66 0 [2, 3] 1 0.00
66 8 [0, 1, 2] 2 0.00
67 2 [0, 2, 3] 0 0.00
68 8 [0, 1, 2] 2 0.00
69 8 [0, 1, 2] 2 0.00
70 0 [2, 3] 1 0.01
70 0 [2, 3] 1 0.00
70 0 [2, 3] 2 0.00
71 3 [0, 3] 1 0.01
71 7 [1] 1 0.00
72 1 [1, 3] 1 0.00
73 2 [0, 2, 3] 0 0.00
74 8 [0, 1, 2] 2 0.00
75 5 [0, 1, 3] 3 0.00
76 0 [2, 3] 1 0.00
76 9 [2, 3] 3 0.00
77 0 [2, 3] 1 0.00
77 4 [0, 2, 3] 2 0.00
78 2 [0, 2, 3] 2 0.00
79 0 [2, 3] 1 0.01
79 3 [0, 3] 1 0.00
79 9 [2, 3] 3 0.00
80 8 [0, 1, 2] 2 0.00
81 5 [0, 1, 3] 0 0.00
82 4 [0, 2, 3] 1 0.00
82 6 [0, 1, 2] 0 0.00
83 1 [1, 3] 1 0.00
84 3 [0, 3] 0 0.00
85 5 [0, 1, 3] 0 0.00
86 1 [1, 3] 1 0.00
87 4 [0, 2, 3] 1 0.00
87 4 [0, 2, 3] 2 0.00
88 1 [1, 3] 1 0.00
89 0 [2, 3] 1 0.00
89 4 [0, 2, 3] 1 0.00
89 2 [0, 2, 3] 0 0.00
90 5 [0, 1, 3] 0 0.00
91 0 [2, 3] 2 0.00
92 2 [0, 2, 3] 0 0.00
93 0 [2, 3] 1 0.00
93 0 [2, 3] 2 0.00
94 3 [0, 3] 1 0.00
94 0 [2, 3] 1 0.00
94 3 [0, 3] 0 0.00
95 1 [1, 3] 1 0.00
96 0 [2, 3] 2 0.00
97 9 [2, 3] 3 0.00
98 0 [2, 3] 1 0.00
98 3 [0, 3] 1 0.00
98 3 [0, 3] 0 0.00
99 0 [2, 3] 1 0.00
99 0 [2, 3] 1 0.00
99 8 [0, 1, 2] 2 0.00
100 0 [2, 3] 1 0.01
100 4 [0, 2, 3] 1 0.01
100 4 [0, 2, 3] 2 0.00
