1 3 [2, 3] 1 0.50
1 6 [2] 3 0.03
1 7 [0, 3] 1 0.04
1 6 [2] 3 0.05
1 7 [0, 3] 1 0.06
1 6 [2] 3 0.06
1 6 [2] 3 0.06
1 7 [0, 3] 1 0.07
1 6 [2] 3 0.07
1 6 [2] 3 0.08
1 7 [0, 3] 1 0.08
1 7 [0, 3] 1 0.09
1 6 [2] 3 0.09
1 2 [3] 2 0.10
1 7 [0, 3] 1 0.11
1 7 [0, 3] 1 0.11
1 7 [0, 3] 1 0.12
1 7 [0, 3] 1 0.12
1 6 [2] 3 0.12
1 7 [0, 3] 1 0.13
1 7 [0, 3] 1 0.13
1 6 [2] 3 0.14
1 6 [2] 3 0.14
1 6 [2] 3 0.14
1 6 [2] 3 0.14
1 6 [2] 3 0.15
1 2 [3] 1 0.15
1 2 [3] 1 0.15
1 7 [0, 3] 1 0.16
1 6 [2] 1 0.16
1 2 [3] 1 0.16
1 6 [2] 1 0.16
2 6 [2] 1 0.12
2 7 [0, 3] 1 0.14
2 6 [2] 1 0.16
2 6 [2] 1 0.19
2 6 [2] 1 0.14
2 7 [0, 3] 1 0.15
2 7 [0, 3] 1 0.17
2 6 [2] 3 0.17
2 7 [0, 3] 1 0.19
2 7 [0, 3] 1 0.20
2 6 [2] 3 0.22
2 7 [0, 3] 1 0.22
2 7 [0, 3] 1 0.22
2 6 [2] 3 0.23
2 7 [0, 3] 1 0.23
2 7 [0, 3] 1 0.22
2 6 [2] 3 0.22
2 7 [0, 3] 1 0.23
2 6 [2] 1 0.23
2 7 [0, 3] 1 0.24
2 6 [2] 1 0.24
2 2 [3] 1 0.24
2 7 [0, 3] 1 0.24
2 2 [3] 1 0.24
2 7 [0, 3] 1 0.24
2 7 [0, 3] 1 0.24
2 6 [2] 3 0.23
2 7 [0, 3] 1 0.24
2 6 [2] 3 0.24
2 1 [1] 3 0.22
2 6 [2] 3 0.22
2 1 [1] 3 0.23
2 7 [0, 3] 1 0.23
2 7 [0, 3] 1 0.24
2 1 [1] 3 0.24
2 1 [1] 3 0.25
2 7 [0, 3] 1 0.25
2 7 [0, 3] 1 0.25
2 1 [1] 3 0.25
2 6 [2] 3 0.26
2 7 [0, 3] 1 0.26
2 1 [1] 3 0.25
2 6 [2] 3 0.25
2 6 [2] 3 0.25
2 1 [1] 3 0.25
1 6 [2] 3 0.05
1 6 [2] 3 0.04
1 6 [2] 3 0.06
1 2 [3] 1 0.05
1 4 [1, 2] 0 0.03
1 2 [3] 3 0.03
2 6 [2] 3 1.00
2 3 [2, 3] 0 0.05
2 4 [1, 2] 0 0.07
2 6 [2] 3 0.09
2 2 [3] 1 0.08
2 2 [3] 1 0.07
2 1 [1] 0 0.07
2 3 [2, 3] 0 0.05
2 3 [2, 3] 0 0.05
2 8 [0, 1] 0 0.04
3 2 [3] 1 0.05
3 3 [2, 3] 0 0.05
3 4 [1, 2] 0 0.02
3 9 [0] 0 0.01
4 2 [3] 1 0.50
4 6 [2] 3 0.03
4 1 [1] 0 0.04
4 1 [1] 0 0.05
4 3 [2, 3] 0 0.05
4 2 [3] 1 0.04
4 1 [1] 0 0.04
4 1 [1] 0 0.05
4 6 [2] 1 0.05
4 1 [1] 0 0.05
4 1 [1] 0 0.06
4 1 [1] 0 0.06
4 4 [1, 2] 2 0.06
5 7 [0, 3] 1 0.17
5 7 [0, 3] 1 0.25
5 6 [2] 1 0.33
5 7 [0, 3] 1 0.36
5 7 [0, 3] 1 0.31
5 1 [1] 0 0.14
5 2 [3] 1 0.15
5 2 [3] 1 0.17
5 1 [1] 0 0.17
5 1 [1] 0 0.17
5 2 [3] 1 0.18
5 6 [2] 3 0.18
5 2 [3] 1 0.16
5 2 [3] 1 0.17
5 6 [2] 3 0.15
5 2 [3] 1 0.14
5 2 [3] 1 0.15
5 2 [3] 1 0.15
5 6 [2] 1 0.15
5 3 [2, 3] 1 0.16
5 6 [2] 1 0.16
5 6 [2] 1 0.17
5 2 [3] 1 0.17
5 3 [2, 3] 1 0.18
5 3 [2, 3] 1 0.18
5 3 [2, 3] 1 0.19
5 2 [3] 1 0.19
5 2 [3] 1 0.20
5 7 [0, 3] 1 0.20
5 3 [2, 3] 1 0.21
5 3 [2, 3] 1 0.21
5 3 [2, 3] 1 0.22
5 6 [2] 1 0.21
5 3 [2, 3] 1 0.22
5 7 [0, 3] 0 0.17
6 2 [3] 2 0.07
6 6 [2] 1 0.07
6 3 [2, 3] 1 0.09
6 2 [3] 1 0.11
6 7 [0, 3] 1 0.08
6 2 [3] 1 0.09
6 2 [3] 1 0.10
6 7 [0, 3] 1 0.11
6 2 [3] 1 0.12
6 6 [2] 1 0.13
6 2 [3] 1 0.14
6 2 [3] 2 0.13
6 6 [2] 1 0.11
6 6 [2] 3 0.09
6 2 [3] 1 0.09
6 3 [2, 3] 0 0.09
6 3 [2, 3] 0 0.10
6 6 [2] 3 0.10
6 6 [2] 3 0.10
6 7 [0, 3] 3 0.10
7 9 [0] 3 0.04
7 2 [3] 2 0.07
7 1 [1] 3 0.09
7 1 [1] 2 0.11
7 8 [0, 1] 2 0.13
7 6 [2] 0 0.15
7 1 [1] 0 0.16
7 9 [0] 3 0.13
7 9 [0] 3 0.14
7 9 [0] 2 0.15
7 1 [1] 0 0.14
7 9 [0] 3 0.14
7 1 [1] 0 0.15
7 1 [1] 0 0.15
7 1 [1] 0 0.16
7 2 [3] 2 0.16
7 6 [2] 3 0.11
7 6 [2] 3 0.10
7 2 [3] 1 0.10
7 8 [0, 1] 1 0.10
8 2 [3] 1 0.50
8 6 [2] 3 0.29
8 6 [2] 3 0.10
8 6 [2] 3 0.09
8 6 [2] 3 0.08
8 6 [2] 3 0.08
8 2 [3] 1 0.09
8 6 [2] 0 0.07
8 6 [2] 3 0.07
8 6 [2] 1 0.07
8 2 [3] 1 0.07
8 6 [2] 1 0.07
8 9 [0] 3 0.08
8 2 [3] 1 0.08
8 4 [1, 2] 2 0.07
9 6 [2] 3 0.50
9 6 [2] 3 0.07
9 6 [2] 3 0.10
9 3 [2, 3] 0 0.11
9 3 [2, 3] 0 0.13
9 6 [2] 3 0.11
9 9 [0] 3 0.10
9 9 [0] 3 0.10
9 6 [2] 3 0.11
9 6 [2] 0 0.11
9 3 [2, 3] 0 0.12
9 6 [2] 3 0.11
9 6 [2] 3 0.11
9 9 [0] 3 0.11
9 6 [2] 3 0.10
9 6 [2] 3 0.11
9 6 [2] 3 0.11
9 9 [0] 3 0.11
9 6 [2] 3 0.11
9 6 [2] 0 0.11
9 3 [2, 3] 0 0.11
9 6 [2] 0 0.12
9 6 [2] 0 0.12
9 3 [2, 3] 0 0.12
9 2 [3] 3 0.12
10 6 [2] 3 0.04
10 6 [2] 3 0.06
10 6 [2] 3 0.09
10 6 [2] 3 0.11
10 6 [2] 3 0.13
10 6 [2] 3 0.15
10 3 [2, 3] 0 0.15
10 6 [2] 3 0.15
10 6 [2] 3 0.12
10 9 [0] 3 0.13
10 9 [0] 3 0.14
10 6 [2] 3 0.13
10 6 [2] 3 0.14
10 6 [2] 3 0.14
10 6 [2] 3 0.15
10 6 [2] 3 0.13
10 2 [3] 1 0.10
10 2 [3] 1 0.11
10 2 [3] 1 0.11
10 6 [2] 0 0.11
10 3 [2, 3] 0 0.11
10 6 [2] 0 0.12
10 6 [2] 0 0.12
10 3 [2, 3] 0 0.12
10 6 [2] 0 0.13
10 5 [0, 2, 3] 0 0.12
