1 9 [1] 2 0.02
1 9 [1] 2 0.03
1 9 [1] 2 0.04
1 9 [1] 2 0.04
1 9 [1] 2 0.04
1 9 [1] 2 0.05
1 9 [1] 2 0.05
1 9 [1] 2 0.06
1 9 [1] 2 0.06
1 9 [1] 2 0.06
1 9 [1] 2 0.07
1 9 [1] 2 0.06
1 9 [1] 2 0.07
1 9 [1] 2 0.07
1 9 [1] 2 0.07
1 9 [1] 2 0.08
1 9 [1] 2 0.08
1 9 [1] 2 0.07
1 9 [1] 2 0.07
1 1 [0] 0 0.00
2 6 [0] 0 0.00
3 5 [2] 2 0.00
4 7 [3] 3 0.00
5 3 [1] 1 0.00
6 3 [1] 1 0.00
7 8 [3] 3 0.00
8 9 [1] 1 0.00
9 1 [0] 0 0.00
10 2 [0] 0 0.00
11 2 [0] 0 0.00
12 1 [0] 0 0.00
13 8 [3] 3 0.00
14 8 [3] 3 0.00
15 3 [1] 1 0.00
16 3 [1] 1 0.00
17 7 [3] 3 0.00
18 6 [0] 0 0.00
19 7 [3] 3 0.00
20 3 [1] 1 0.00
21 6 [0] 0 0.00
22 1 [0] 0 0.00
23 1 [0] 0 0.00
24 1 [0] 0 0.00
25 3 [1] 1 0.00
26 7 [3] 3 0.00
27 1 [0] 0 0.00
28 6 [0] 0 0.00
29 3 [1] 1 0.00
30 8 [3] 3 0.00
31 2 [0] 0 0.00
32 2 [0] 0 0.00
33 8 [3] 3 0.00
34 0 [2] 2 0.00
35 2 [0] 0 0.00
36 9 [1] 1 0.00
37 8 [3] 3 0.00
38 6 [0] 0 0.00
39 6 [0] 0 0.00
40 0 [2] 2 0.00
41 3 [1] 1 0.00
42 4 [1] 1 0.00
43 3 [1] 1 0.00
44 8 [3] 3 0.00
45 0 [2] 2 0.00
46 9 [1] 1 0.00
47 1 [0] 0 0.00
48 0 [2] 2 0.00
49 1 [0] 0 0.00
50 5 [2] 2 0.00
51 4 [1] 1 0.00
52 0 [2] 2 0.00
53 6 [0] 0 0.00
54 0 [2] 2 0.00
55 2 [0] 0 0.00
56 6 [0] 0 0.00
57 8 [3] 3 0.00
58 3 [1] 1 0.00
59 7 [3] 3 0.00
60 0 [2] 2 0.00
61 4 [1] 1 0.00
62 0 [2] 2 0.00
63 5 [2] 2 0.00
64 4 [1] 1 0.00
65 0 [2] 2 0.00
66 0 [2] 2 0.00
67 6 [0] 0 0.00
68 6 [0] 0 0.00
69 8 [3] 3 0.00
70 9 [1] 1 0.00
71 6 [0] 0 0.00
72 5 [2] 2 0.00
73 8 [3] 3 0.00
74 1 [0] 0 0.00
75 0 [2] 2 0.00
76 5 [2] 2 0.00
77 9 [1] 1 0.00
78 4 [1] 1 0.00
79 5 [2] 2 0.00
80 1 [0] 0 0.00
81 3 [1] 1 0.00
82 9 [1] 1 0.00
83 7 [3] 3 0.00
84 2 [0] 0 0.00
85 6 [0] 0 0.00
86 8 [3] 3 0.00
87 0 [2] 2 0.00
88 5 [2] 2 0.00
89 4 [1] 1 0.00
90 7 [3] 3 0.00
91 1 [0] 0 0.00
92 7 [3] 3 0.00
93 7 [3] 3 0.00
94 5 [2] 2 0.00
95 2 [0] 0 0.00
96 9 [1] 1 0.00
97 5 [2] 2 0.00
98 4 [1] 1 0.00
99 8 [3] 3 0.00
100 0 [2] 2 0.00
