1 8 [3] 0 0.20
1 0 [2] 1 0.33
1 8 [3] 0 0.43
1 0 [2] 1 0.50
1 0 [2] 1 0.36
1 9 [1] 2 0.35
1 0 [2] 1 0.23
1 9 [1] 2 0.24
1 0 [2] 1 0.26
1 0 [2] 1 0.28
1 0 [2] 1 0.28
1 8 [3] 0 0.30
1 9 [1] 2 0.25
1 8 [3] 0 0.25
1 8 [3] 0 0.22
1 8 [3] 0 0.20
1 8 [3] 0 0.21
1 8 [3] 0 0.20
1 8 [3] 0 0.19
1 9 [1] 2 0.19
1 9 [1] 2 0.17
1 9 [1] 2 0.17
1 9 [1] 2 0.17
1 9 [1] 2 0.17
1 9 [1] 2 0.16
1 9 [1] 2 0.16
1 9 [1] 2 0.16
1 9 [1] 2 0.14
1 9 [1] 2 0.15
1 9 [1] 2 0.15
1 9 [1] 2 0.15
1 9 [1] 2 0.16
1 9 [1] 2 0.16
1 9 [1] 2 0.14
1 9 [1] 2 0.14
1 9 [1] 2 0.13
1 9 [1] 2 0.13
1 9 [1] 2 0.13
1 9 [1] 2 0.13
1 9 [1] 2 0.13
1 9 [1] 2 0.13
1 9 [1] 2 0.13
1 6 [0] 3 0.12
1 6 [0] 3 0.12
1 6 [0] 3 0.13
1 9 [1] 2 0.10
1 9 [1] 2 0.10
1 9 [1] 2 0.10
1 9 [1] 2 0.10
1 9 [1] 2 0.10
1 9 [1] 2 0.10
1 3 [1] 1 0.00
2 4 [1] 1 0.00
3 6 [0] 0 0.00
4 6 [0] 0 0.00
5 2 [0] 0 0.00
6 6 [0] 0 0.00
7 6 [0] 0 0.00
8 3 [1] 1 0.00
9 8 [3] 3 0.00
10 3 [1] 1 0.00
11 5 [2] 2 0.00
12 3 [1] 1 0.00
13 1 [0] 0 0.00
14 8 [3] 3 0.00
15 8 [3] 3 0.00
16 2 [0] 0 0.00
17 4 [1] 1 0.00
18 2 [0] 0 0.00
19 8 [3] 3 0.00
20 5 [2] 2 0.00
21 5 [2] 2 0.00
22 0 [2] 2 0.00
23 6 [0] 0 0.00
24 3 [1] 1 0.00
25 5 [2] 2 0.00
26 9 [1] 1 0.00
27 3 [1] 1 0.00
28 4 [1] 1 0.00
29 7 [3] 3 0.00
30 1 [0] 0 0.00
31 4 [1] 1 0.00
32 4 [1] 1 0.00
33 9 [1] 1 0.00
34 4 [1] 1 0.00
35 8 [3] 3 0.00
36 5 [2] 2 0.00
37 0 [2] 2 0.00
38 9 [1] 1 0.00
39 7 [3] 3 0.00
40 6 [0] 0 0.00
41 5 [2] 2 0.00
42 7 [3] 3 0.00
43 0 [2] 2 0.00
44 3 [1] 1 0.00
45 5 [2] 2 0.00
46 4 [1] 1 0.00
47 0 [2] 2 0.00
48 0 [2] 2 0.00
49 9 [1] 1 0.00
50 2 [0] 0 0.00
51 3 [1] 1 0.00
52 4 [1] 1 0.00
53 2 [0] 0 0.00
54 2 [0] 0 0.00
55 4 [1] 1 0.00
56 8 [3] 3 0.00
57 3 [1] 1 0.00
58 3 [1] 1 0.00
59 7 [3] 3 0.00
60 8 [3] 3 0.00
61 8 [3] 3 0.00
62 3 [1] 1 0.00
63 4 [1] 1 0.00
64 7 [3] 3 0.00
65 1 [0] 0 0.00
66 2 [0] 0 0.00
67 0 [2] 2 0.00
68 6 [0] 0 0.00
69 9 [1] 1 0.00
70 0 [2] 2 0.00
71 3 [1] 1 0.00
72 3 [1] 1 0.00
73 8 [3] 3 0.00
74 0 [2] 2 0.00
75 9 [1] 1 0.00
76 3 [1] 1 0.00
77 0 [2] 2 0.00
78 0 [2] 2 0.00
79 5 [2] 2 0.00
80 1 [0] 0 0.00
81 7 [3] 3 0.00
82 0 [2] 2 0.00
83 8 [3] 3 0.00
84 1 [0] 0 0.00
85 1 [0] 0 0.00
86 9 [1] 1 0.00
87 9 [1] 1 0.00
88 1 [0] 0 0.00
89 0 [2] 2 0.00
90 4 [1] 1 0.00
91 8 [3] 3 0.00
92 9 [1] 1 0.00
93 4 [1] 1 0.00
94 5 [2] 2 0.00
95 6 [0] 0 0.00
96 6 [0] 0 0.00
97 5 [2] 2 0.00
98 4 [1] 1 0.00
99 0 [2] 2 0.00
100 6 [0] 0 0.00
